1.63200 1.22400 15.96800 0.87065 
1.58400 1.03200 15.76800 1.74348 
1.64800 1.04800 15.70400 2.61508 
1.57600 0.77600 15.80800 3.45640 
1.56800 0.76800 15.75200 4.26982 
4.09600 0.00000 0.01300 3.96322 
1.58400 0.83200 15.92000 4.76985 
1.61600 0.96800 16.03200 5.57810 
1.64000 0.88000 16.04800 6.34837 
1.68800 0.80000 15.96800 7.08805 
1.60000 0.89600 16.11200 7.80838 
2.02400 0.79200 16.36000 8.51596 
1.68000 0.99200 16.10400 9.21324 
1.72800 0.53600 16.11200 9.67284 
1.60000 0.82400 16.14400 10.17754 
1.91200 1.00000 16.27200 10.67846 
1.61600 0.87200 16.28000 11.01906 
1.92800 0.99200 16.16800 11.34381 
2.04000 0.95200 16.16800 11.55322 
1.60000 1.01600 16.31200 11.71688 
1.56000 0.60000 16.10400 11.53225 
1.96800 1.00800 16.32800 11.58312 
1.69600 0.52000 16.08800 11.25768 
1.56800 0.97600 16.29600 11.28240 
1.96000 0.57600 16.14400 10.93878 
2.01600 0.54400 16.14400 10.62733 
1.96000 0.54400 16.14400 10.35600 
1.89600 0.56800 16.22400 10.20944 
1.87200 0.61600 16.24800 10.09330 
1.68000 0.60000 15.84000 9.96891 
1.61600 0.34400 16.16800 9.59505 
1.62400 0.65600 16.23200 9.48437 
1.99200 0.55200 16.17600 9.30529 
1.96000 0.72000 16.21600 9.25105 
1.54400 0.26400 16.24000 8.88019 
1.60000 0.70400 16.20800 8.84699 
1.88800 0.66400 15.98400 8.77277 
1.53600 0.73600 16.23200 8.74020 
1.98400 0.34400 15.97600 8.44129 
2.02400 0.26400 16.03200 8.13271 
1.93600 0.72800 16.13600 8.15866 
2.03200 0.25600 16.08000 7.86103 
1.64000 0.72000 16.22400 7.88113 
1.92000 0.39200 16.20000 7.60445 
1.97600 0.30400 16.08800 7.31312 
1.57600 0.28000 16.07200 7.03646 
2.04000 0.37600 15.84000 6.90364 
1.59200 0.49600 16.01600 6.84922 
1.60800 0.44800 16.17600 6.74497 
1.92000 0.43200 16.17600 6.67733 
2.00000 0.43200 16.47200 6.59550 
1.87200 0.08800 16.19200 6.31858 
1.88000 0.07200 16.23200 6.06227 
1.98400 0.09600 15.86400 5.78040 
1.96800 0.48000 15.94400 5.77438 
1.71200 0.48000 15.94400 5.74661 
1.92800 0.42400 16.04800 5.66251 
1.96800 0.04800 16.16800 5.34197 
1.53600 0.05600 16.20000 5.06755 
1.92800 0.09600 15.94400 4.83846 
1.80800 0.00000 15.95200 4.57354 
1.98400 0.03200 16.09600 4.36741 
1.56800 0.11200 16.11200 4.22810 
2.03200 0.20000 15.96800 4.16051 
1.53600 0.16800 16.17600 4.06183 
1.98400 0.09600 16.07200 3.93688 
1.53600 0.20800 15.92800 3.88638 
1.59200 0.20800 15.90400 3.82723 
1.65600 -0.24000 15.85600 3.49205 
1.53600 0.22400 16.00000 3.48955 
2.01600 -0.24800 15.81600 3.19322 
1.60000 -0.24000 16.04800 2.93280 
1.56000 -0.16000 16.08800 2.68334 
1.98400 -0.22400 15.92000 2.45040 
1.62400 -0.11200 15.96800 2.31221 
1.63200 -0.15200 15.82400 2.18566 
2.01600 -0.24800 16.03200 2.01804 
1.95200 -0.14400 15.66400 1.93252 
1.59200 -0.17600 16.13600 1.80201 
1.54400 -0.22400 15.84000 1.64658 
1.69600 -0.04800 15.99200 1.64151 
1.63200 -0.10400 15.96000 1.61270 
1.96000 -0.48800 15.92000 1.33384 
1.56000 -0.50400 16.19200 1.08931 
1.55200 -0.01600 15.87200 1.18622 
1.92800 -0.14400 16.12000 1.15390 
1.53600 -0.51200 15.95200 0.86386 
1.56800 -0.01600 15.90400 0.96426 
1.89600 -0.49600 15.93600 0.67454 
1.63200 -0.49600 15.98400 0.42204 
1.96000 -0.13600 16.20800 0.49913 
1.56000 -0.40000 15.99200 0.37550 
2.00000 -0.40000 16.23200 0.27447 
1.61600 -0.01600 16.36800 0.44353 
1.61600 -0.38400 16.23200 0.30055 
2.04000 -0.32000 16.30400 0.23328 
1.92800 -0.44000 16.14400 0.08181 
1.59200 -0.42400 16.19200 -0.03997 
1.85600 -0.46400 16.24800 -0.17076 
2.00000 -0.32000 16.28000 -0.17350 
1.96000 -0.41600 16.23200 -0.25474 
1.88800 -0.76800 16.21600 -0.54685 
1.98400 -0.26400 16.23200 -0.44876 
2.29600 -0.28000 16.36800 -0.38715 
1.98400 -0.32000 16.30400 -0.37455 
1.88800 -0.36000 16.26400 -0.40212 
1.92000 -0.33600 16.23200 -0.41446 
1.98400 -0.33600 16.21600 -0.44141 
1.86400 -0.71200 16.41600 -0.74984 
1.56000 -0.28800 16.28000 -0.67172 
2.00000 -0.72800 16.26400 -0.95103 
1.91200 -0.71200 16.36000 -1.15664 
1.95200 -0.28000 15.99200 -1.00204 
1.88800 -0.70400 16.32800 -1.17382 
1.87200 -0.64800 15.96000 -1.29236 
1.96800 -0.75200 15.88800 -1.46452 
2.04000 -0.68000 16.07200 -1.55431 
1.97600 -0.70400 16.29600 -1.69255 
2.01600 -0.72000 16.03200 -1.82201 
2.00000 -0.32000 15.99200 -1.56806 
1.95200 -0.32000 16.08000 -1.36989 
1.81600 -0.65600 16.04800 -1.52357 
1.92000 -0.64800 16.23200 -1.62969 
1.97600 -0.29600 16.07200 -1.42418 
1.59200 -0.60000 16.12000 -1.50639 
2.00000 -0.61600 16.03200 -1.58994 
1.92000 -0.76000 16.18400 -1.75864 
1.93600 -0.68800 15.90400 -1.85064 
1.96800 -0.60000 15.94400 -1.85601 
2.03200 -0.68800 16.12000 -1.92731 
2.04000 -0.59200 16.12800 -1.91124 
2.03200 -0.26400 15.82400 -1.65345 
1.94400 -0.64800 15.87200 -1.75816 
1.96800 -0.65600 16.07200 -1.85253 
1.63200 -0.64000 15.87200 -1.92125 
2.04000 -0.59200 15.96000 -1.92656 
1.64800 -0.54400 15.83200 -1.90023 
2.04000 -0.52000 15.82400 -1.86138 
2.01600 -0.52000 15.93600 -1.82740 
1.55200 -0.60800 16.16800 -1.86921 
2.01600 -0.63200 15.92800 -1.93365 
1.97600 -0.57600 15.92800 -1.93467 
1.55200 -0.53600 15.67200 -1.91002 
1.55200 -0.56800 15.96000 -1.91122 
1.62400 -0.52800 16.09600 -1.87593 
1.99200 -0.61600 16.04800 -1.93417 
1.58400 -0.52000 15.91200 -1.88885 
1.57600 -0.56000 16.08000 -1.89365 
1.59200 -0.56000 16.07200 -1.89943 
2.02400 -0.52000 16.10400 -1.86841 
1.94400 -0.55200 15.95200 -1.87790 
2.03200 -1.00000 15.70400 -2.24364 
1.56000 -0.66400 15.91200 -2.27192 
1.88800 -0.96000 16.06400 -2.57408 
2.02400 -0.89600 16.14400 -2.72748 
2.03200 -0.99200 16.00000 -2.91489 
1.57600 -0.55200 16.20000 -2.65666 
1.98400 -0.92000 16.04800 -2.80193 
1.96800 -0.96800 15.95200 -2.97272 
1.95200 -0.94400 15.97600 -3.07563 
2.03200 -0.92800 15.93600 -3.13607 
1.56000 -0.96000 16.00000 -3.20264 
2.01600 -0.97600 15.96800 -3.27466 
1.57600 -1.02400 15.92800 -3.37579 
1.96000 -0.85600 16.15200 -3.27523 
1.97600 -0.96800 15.95200 -3.32142 
2.02400 -0.97600 16.01600 -3.37556 
1.95200 -0.64000 15.97600 -3.06113 
1.54400 -0.88000 16.05600 -3.08257 
1.89600 -0.53600 15.98400 -2.69727 
1.54400 -0.59200 16.09600 -2.48653 
1.54400 -0.93600 16.07200 -2.66980 
1.93600 -0.91200 16.05600 -2.80903 
1.55200 -1.00000 16.12000 -2.98079 
1.96000 -0.96800 16.15200 -3.09912 
1.97600 -0.97600 16.27200 -3.19045 
2.01600 -0.52000 16.05600 -2.86264 
1.53600 -0.97600 16.34400 -3.01295 
2.00000 -0.96000 16.00800 -3.12387 
1.56800 -0.96800 16.01600 -3.21987 
1.90400 -1.02400 16.09600 -3.33555 
2.02400 -0.52800 16.08000 -3.01970 
1.96000 -1.01600 16.13600 -3.16458 
1.93600 -0.96000 16.23200 -3.22418 
2.04000 -0.99200 16.10400 -3.30760 
1.91200 -0.60000 16.27200 -3.02988 
1.96800 -0.53600 16.15200 -2.76500 
1.87200 -0.98400 16.32800 -2.98491 
1.93600 -0.61600 16.21600 -2.74243 
1.86400 -0.55200 16.20800 -2.49783 
1.96000 -0.97600 16.17600 -2.77971 
1.83200 -0.57600 16.33600 -2.56917 
1.96000 -0.57600 16.04000 -2.42849 
1.88800 -0.52800 16.19200 -2.27110 
1.92000 -0.57600 16.07200 -2.21511 
1.87200 -0.69600 16.14400 -2.30026 
1.96800 -0.54400 15.78400 -2.21464 
1.80800 -0.53600 16.20000 -2.13825 
1.55200 -0.60800 16.00800 -2.16202 
1.56800 -0.71200 15.93600 -2.28892 
1.53600 -0.64000 15.96000 -2.30278 
1.92800 -0.70400 15.96000 -2.37836 
1.85600 -0.57600 16.10400 -2.28951 
1.88000 -0.63200 15.97600 -2.29645 
1.96000 -0.71200 16.00000 -2.37432 
1.84800 -0.75200 15.94400 -2.47332 
1.96800 -0.70400 15.92800 -2.50256 
1.95200 -0.63200 16.01600 -2.45055 
1.54400 -0.26400 15.77600 -2.08165 
2.03200 -0.67200 15.97600 -2.18834 
1.98400 -0.29600 16.04800 -1.89260 
1.98400 -0.61600 15.84800 -2.00490 
1.80800 -0.31200 15.99200 -1.76974 
1.94400 -0.74400 15.88000 -2.04218 
1.57600 -0.72000 15.91200 -2.21410 
1.96000 -0.37600 15.70400 -1.99877 
1.99200 -0.38400 15.87200 -1.84629 
1.58400 -0.33600 15.80000 -1.68610 
1.56000 -0.28800 16.05600 -1.51274 
1.54400 -0.76800 16.00000 -1.86511 
1.98400 -0.28000 15.96000 -1.67017 
1.98400 -0.28000 15.96000 -1.51344 
1.57600 -0.76000 16.03200 -1.85145 
1.91200 -0.33600 15.97600 -1.69016 
2.02400 -0.37600 15.95200 -1.61525 
1.95200 -0.45600 15.73600 -1.64950 
2.03200 -0.04800 15.69600 -1.35366 
1.58400 -0.41600 15.95200 -1.40967 
1.64800 -0.50400 15.99200 -1.52426 
2.04000 -0.43200 15.92000 -1.55342 
1.96800 -0.45600 16.12000 -1.59225 
2.02400 -0.44000 16.06400 -1.61076 
1.61600 -0.46400 16.05600 -1.64333 
1.98400 -0.49600 16.04800 -1.69811 
1.69600 -0.12800 15.74400 -1.38101 
1.60800 -0.02400 16.09600 -1.08244 
1.56000 -0.01600 16.22400 -0.83911 
1.97600 -0.08800 16.08800 -0.72450 
2.02400 -0.44800 16.24800 -0.95989 
1.57600 -0.09600 16.04000 -0.82289 
1.56800 -0.04800 16.06400 -0.67209 
1.58400 -0.07200 16.13600 -0.59464 
1.60800 -0.15200 16.00000 -0.60470 
2.03200 -0.04800 16.00000 -0.53025 
1.64000 -0.13600 16.10400 -0.54227 
1.98400 -0.16000 16.21600 -0.57055 
1.54400 0.21600 16.15200 -0.28607 
1.54400 0.20800 16.24000 -0.06483 
1.60800 -0.24800 16.18400 -0.28822 
1.63200 0.20800 16.20000 -0.06226 
1.59200 0.21600 16.29600 0.11860 
1.57600 0.24000 16.11200 0.28844 
1.57600 0.23200 16.29600 0.40694 
1.96800 0.19200 15.99200 0.45196 
1.58400 -0.24000 16.21600 0.11796 
1.59200 0.20800 16.25600 0.24562 
1.57600 0.12000 16.29600 0.26645 
1.54400 -0.25600 16.10400 -0.07583 
1.96000 0.12800 16.01600 0.03536 
1.90400 0.06400 16.22400 0.06514 
1.95200 0.41600 16.29600 0.37609 
1.92000 0.47200 16.08800 0.67158 
1.94400 0.08800 15.96000 0.55833 
2.00000 0.44800 16.04800 0.79284 
2.02400 0.48000 16.12000 1.00049 
1.96000 0.46400 16.18400 1.14443 
1.56000 0.44800 16.11200 1.23633 
1.96800 0.32800 16.04800 1.19761 
1.98400 0.41600 16.05600 1.24844 
1.54400 0.40000 16.10400 1.27073 
1.92000 0.41600 15.96800 1.30264 
2.00000 0.36800 16.00000 1.28317 
1.92000 0.43200 16.12000 1.32254 
1.58400 0.03200 16.05600 1.02621 
1.96800 0.37600 15.98400 1.07538 
1.94400 0.32000 16.04000 1.06663 
1.99200 0.34400 16.01600 1.07952 
2.03200 0.75200 15.80800 1.41302 
1.85600 0.40000 16.15200 1.39554 
1.58400 0.68000 16.31200 1.61733 
1.58400 0.75200 16.05600 1.84906 
1.96000 0.30400 15.93600 1.64834 
1.88000 0.32000 15.71200 1.51106 
1.56800 0.62400 16.05600 1.65553 
2.00000 0.61600 15.92800 1.76454 
1.60000 0.61600 15.74400 1.85806 
1.56000 0.64800 16.04000 1.95900 
1.58400 0.64000 15.88800 2.03363 
2.01600 0.66400 16.01600 2.09858 
1.94400 0.71200 15.84000 2.18758 
1.90400 0.63200 16.24000 2.17333 
1.59200 0.95200 15.92800 2.43694 
1.98400 0.61600 15.92800 2.36040 
1.97600 0.99200 15.91200 2.66552 
2.02400 0.52800 16.08800 2.42538 
1.96800 1.00000 16.10400 2.71908 
1.68000 0.94400 15.88800 2.85968 
1.96800 0.52000 16.04000 2.61152 
2.03200 0.96800 16.01600 2.78458 
1.62400 0.84000 16.04000 2.82648 
2.01600 0.56800 15.98400 2.61609 
1.54400 0.88000 16.48800 2.71297 
1.59200 0.82400 16.04000 2.75584 
1.60000 0.87200 16.04800 2.83034 
1.60800 0.77600 16.08800 2.79945 
1.54400 0.76800 16.18400 2.76475 
1.66400 0.81600 16.12800 2.78032 
1.68800 0.90400 16.28000 2.85720 
1.57600 0.87200 16.38400 2.89003 
1.58400 0.84800 16.17600 2.90416 
1.59200 0.89600 15.97600 2.96767 
1.56800 0.78400 16.24000 2.90288 
1.77600 1.24800 16.25600 3.22105 
1.64800 1.24000 16.10400 3.48173 
1.63200 1.22400 16.08800 3.67586 
1.61600 1.12000 16.11200 3.74428 
1.97600 1.05600 16.11200 3.73482 
1.72000 1.24000 16.18400 3.89007 
1.99200 1.15200 16.16800 3.92588 
1.61600 1.15200 16.14400 3.95885 
1.72800 1.08800 15.98400 3.93321 
2.04000 1.03200 16.11200 3.85479 
1.55200 1.10400 15.85600 3.87252 
1.56000 1.24000 15.99200 3.99832 
1.67200 1.07200 16.14400 3.93785 
1.61600 1.52800 15.94400 4.26674 
1.53600 1.11200 16.12800 4.17704 
1.96800 1.07200 15.91200 4.09323 
1.61600 1.43200 15.97600 4.33537 
1.69600 1.08000 15.83200 4.22141 
1.56800 1.46400 16.08000 4.45492 
1.53600 1.47200 16.06400 4.64527 
1.69600 1.10400 16.21600 4.44975 
2.03200 1.07200 15.84800 4.31025 
1.67200 1.51200 15.99200 4.54321 
1.60000 1.28800 15.92800 4.55610 
1.71200 1.50400 16.06400 4.72934 
1.98400 1.02400 15.93600 4.50894 
1.58400 1.42400 15.95200 4.62351 
1.86400 1.51200 15.99200 4.77459 
1.99200 1.40800 15.77600 4.84965 
1.60000 1.39200 15.90400 4.89179 
1.62400 1.42400 15.86400 4.95640 
1.97600 1.46400 15.93600 5.02911 
1.99200 1.40000 15.59200 5.04659 
1.56000 1.41600 15.76800 5.06050 
1.53600 1.49600 15.86400 5.13254 
1.57600 1.36000 15.82400 5.07967 
1.60800 1.44800 15.79200 5.11754 
1.55200 1.37600 15.70400 5.09241 
1.55200 1.38400 16.04000 5.05373 
1.76800 1.44000 15.87200 5.09003 
1.97600 1.32800 15.78400 5.02559 
2.03200 1.02400 15.96000 4.71613 
2.00000 1.36000 15.84000 4.76829 
1.54400 1.44000 15.80800 4.88496 
1.92800 1.38400 16.01600 4.90313 
1.56000 1.37600 16.21600 4.89749 
1.57600 1.43200 15.75200 4.97397 
1.94400 1.74400 16.00800 5.24463 
2.02400 1.44800 15.91200 5.23471 
1.62400 1.36800 15.80800 5.17488 
1.90400 1.76000 15.88000 5.40172 
1.95200 1.44000 16.08800 5.34190 
1.61600 1.36000 16.00000 5.23929 
1.56000 1.31200 15.88800 5.12980 
2.03200 1.38400 15.79200 5.11192 
1.98400 1.74400 16.03200 5.35996 
2.00000 1.67200 16.24800 5.48662 
1.55200 1.34400 16.05600 5.32412 
1.92800 1.35200 16.03200 5.21478 
1.56800 1.35200 16.17600 5.11866 
1.59200 1.75200 15.78400 5.40015 
1.56000 1.34400 16.20800 5.25352 
1.59200 1.78400 16.10400 5.50908 
1.62400 1.34400 16.20000 5.33752 
2.01600 1.28800 16.20800 5.17761 
1.54400 1.76800 16.17600 5.43517 
1.58400 1.36800 16.09600 5.31136 
1.64000 1.76800 16.24000 5.53019 
1.60800 1.38400 16.20000 5.38739 
1.73600 1.39200 16.36800 5.27554 
1.57600 1.32800 16.27200 5.13959 
2.01600 1.76000 16.15200 5.39133 
1.63200 1.36000 16.31200 5.25232 
1.62400 1.70400 16.20000 5.44358 
1.97600 1.34400 16.19200 5.29985 
1.53600 1.34400 16.19200 5.18348 
1.56800 1.48000 16.24800 5.20995 
1.62400 1.31200 16.11200 5.09744 
1.66400 1.29600 16.15200 4.99660 
1.76000 1.35200 16.11200 4.97121 
2.04000 1.42400 16.03200 5.01534 
1.64000 1.76000 16.16800 5.30443 
1.64800 1.36800 16.18400 5.21332 
2.04000 1.52000 16.05600 5.27968 
1.57600 1.44000 16.19200 5.25468 
1.61600 1.45600 16.24000 5.24644 
1.58400 1.51200 16.08000 5.30491 
1.64000 1.39200 16.12000 5.22931 
1.62400 1.47200 15.92800 5.26834 
1.66400 1.31200 16.17600 5.14996 
1.64800 1.46400 16.10400 5.17353 
1.66400 1.44800 15.96000 5.19210 
1.60800 1.46400 16.08800 5.21665 
1.68000 1.52800 15.99200 5.29652 
1.54400 1.50400 15.92800 5.34329 
1.64000 1.10400 15.86400 5.05146 
1.64800 1.05600 15.96800 4.78261 
1.64000 1.05600 15.92000 4.57758 
1.60000 1.43200 15.96800 4.72845 
1.55200 1.50400 15.96800 4.93429 
1.97600 1.02400 15.95200 4.65990 
2.03200 1.04000 15.85600 4.46429 
1.59200 1.04800 16.00000 4.30786 
1.56000 1.52800 16.04800 4.61593 
1.61600 1.04800 15.80000 4.43303 
1.62400 1.10400 15.73600 4.34818 
1.64000 1.20800 15.78400 4.38754 
1.60000 1.07200 15.95200 4.26909 
1.96000 1.15200 15.84000 4.27445 
2.03200 1.20000 16.18400 4.29747 
1.98400 1.20800 15.78400 4.34761 
1.57600 1.26400 15.73600 4.43839 
1.92800 1.22400 15.96800 4.45698 
2.03200 0.80000 16.07200 4.11850 
1.99200 0.82400 15.71200 3.88701 
1.56000 0.80800 15.76800 3.66419 
1.54400 0.76800 15.44000 3.47312 
1.69600 0.89600 15.85600 3.44088 
1.95200 0.89600 15.87200 3.42048 
1.99200 0.78400 15.70400 3.31255 
1.62400 0.79200 16.11200 3.21735 
1.92800 0.93600 15.97600 3.28001 
1.91200 0.78400 15.93600 3.19989 
1.60800 0.85600 15.88000 3.20344 
1.54400 0.88800 15.96800 3.22993 
2.01600 0.83200 16.09600 3.20090 
2.04000 1.00000 15.87200 3.32321 
1.98400 0.96000 15.96800 3.38703 
1.53600 0.98400 16.32800 3.43807 
1.96800 0.90400 16.04800 3.42134 
1.61600 0.97600 16.00800 3.47453 
1.58400 0.89600 15.88800 3.44354 
1.95200 0.61600 15.88800 3.18633 
2.04000 0.59200 15.94400 2.96988 
1.63200 0.62400 16.44800 2.80665 
1.96800 0.82400 16.08000 2.87212 
1.60800 0.63200 16.30400 2.74491 
2.04000 0.62400 16.32000 2.64919 
1.66400 0.61600 16.25600 2.56326 
1.60800 0.53600 16.20000 2.42947 
1.63200 0.31200 16.27200 2.14549 
1.98400 0.64000 16.20000 2.20874 
1.60000 0.64000 16.29600 2.25462 
1.60000 0.27200 16.29600 1.96503 
1.93600 0.69600 16.29600 2.11858 
1.55200 0.64800 16.31200 2.19261 
1.54400 0.32000 16.49600 1.95139 
1.54400 0.40800 16.15200 1.86382 
1.57600 0.34400 16.17600 1.74272 
1.96800 0.32800 16.49600 1.64174 
1.99200 0.28800 16.16800 1.53130 
1.54400 0.31200 16.41600 1.45088 
1.59200 0.73600 16.48000 1.76498 
1.61600 0.48000 16.35200 1.77731 
1.97600 0.42400 16.24000 1.74285 
1.55200 0.37600 16.12800 1.67493 
1.56800 0.01600 16.00800 1.33960 
1.60000 0.00000 16.22400 1.06409 
1.88800 0.49600 16.38400 1.25089 
2.00000 0.40000 16.32000 1.32572 
2.03200 0.50400 16.19200 1.47960 
2.01600 0.04000 16.11200 1.17232 
1.64000 0.48000 16.17600 1.34724 
1.64800 0.43200 16.12000 1.44358 
2.04000 0.16800 15.88000 1.25204 
1.95200 0.08800 15.84800 1.01728 
1.90400 0.16800 15.98400 0.94642 
1.94400 0.12000 15.96800 0.85210 
1.58400 0.12000 15.83200 0.78302 
1.97600 0.00800 15.88800 0.61841 
1.53600 -0.22400 15.88800 0.28734 
1.63200 0.19200 16.10400 0.43073 
1.56800 0.16000 15.81600 0.49058 
1.56000 0.24000 15.84800 0.60907 
1.68000 0.20800 16.04000 0.67017 
1.54400 0.20000 15.97600 0.71602 
1.56000 -0.22400 16.00800 0.31833 
1.87200 0.19200 15.94400 0.45208 
2.02400 -0.20000 15.93600 0.17827 
1.88000 0.15200 15.78400 0.28593 
1.55200 0.18400 15.69600 0.39562 
1.58400 -0.06400 15.76800 0.28046 
1.60800 -0.24800 15.72800 0.00376 
1.94400 -0.21600 15.83200 -0.15958 
2.04000 0.24000 15.77600 0.12077 
1.53600 -0.07200 16.10400 0.04782 
1.86400 -0.08800 15.60000 -0.02196 
1.55200 -0.15200 15.68000 -0.14297 
1.97600 -0.16000 15.90400 -0.23417 
1.96800 -0.10400 15.95200 -0.25021 
1.95200 -0.11200 16.01600 -0.26954 
1.53600 -0.08000 15.85600 -0.24582 
2.03200 -0.08000 16.07200 -0.22590 
2.03200 -0.09600 16.00000 -0.22703 
1.64000 -0.49600 15.78400 -0.58015 
1.55200 -0.02400 16.15200 -0.42075 
1.99200 -0.50400 15.96000 -0.75115 
1.96800 -0.48800 16.00800 -0.99255 
1.56000 -0.37600 16.05600 -1.05525 
1.56800 -0.04000 16.01600 -0.79172 
2.03200 -0.50400 16.38400 -0.99615 
2.03200 -0.00800 16.16800 -0.72832 
2.00000 -0.42400 16.10400 -0.91584 
2.01600 -0.40000 16.22400 -1.03033 
2.02400 -0.48800 16.08800 -1.21192 
1.66400 -0.29600 16.24000 -1.13326 
2.02400 -0.38400 16.03200 -1.17697 
1.59200 -0.32800 16.08000 -1.14796 
1.89600 -0.29600 16.20800 -1.08857 
1.92800 -0.71200 16.05600 -1.47717 
2.03200 -0.40000 16.47200 -1.42490 
1.58400 -0.76800 16.14400 -1.70437 
1.92000 -0.38400 15.95200 -1.60028 
1.93600 -0.35200 16.11200 -1.48974 
1.58400 -0.68800 16.36800 -1.75713 
2.00000 -0.75200 16.18400 -1.99339 
1.60000 -0.36800 16.43200 -1.74293 
1.99200 -0.68000 16.26400 -1.88240 
1.56000 -0.68000 16.25600 -1.98922 
2.04000 -0.76000 16.34400 -2.13007 
1.55200 -0.68000 16.28000 -2.18012 
1.58400 -0.72000 16.43200 -2.24950 
2.02400 -0.28800 16.08800 -1.93129 
1.57600 -0.72800 16.32800 -2.09723 
1.96000 -0.72000 16.49600 -2.19089 
2.02400 -0.69600 16.08000 -2.25174 
1.61600 -0.76000 16.44800 -2.34770 
1.53600 -0.64800 16.36800 -2.30687 
1.62400 -0.68000 16.14400 -2.31821 
1.98400 -0.72800 16.20800 -2.36704 
1.57600 -0.72000 16.23200 -2.40693 
2.02400 -0.62400 16.18400 -2.33639 
2.00000 -0.62400 16.23200 -2.27938 
1.86400 -0.66400 16.08800 -2.28892 
1.96800 -0.59200 16.00800 -2.22868 
1.87200 -0.67200 15.88000 -2.26862 
1.54400 -0.54400 16.17600 -2.15794 
1.93600 -0.66400 16.05600 -2.20080 
1.92000 -0.62400 16.04000 -2.19394 
2.04000 -0.73600 15.86400 -2.30068 
2.04000 -0.70400 16.00800 -2.34526 
2.01600 -0.68000 16.00800 -2.35577 
1.92000 -0.63200 16.15200 -2.31295 
2.01600 -0.60000 15.83200 -2.25942 
1.88800 -0.61600 15.85600 -2.23667 
1.84800 -1.02400 15.80000 -2.61562 
1.94400 -0.68000 15.96000 -2.55871 
2.00000 -0.66400 16.09600 -2.49595 
1.58400 -0.93600 15.77600 -2.72743 
1.97600 -0.60000 15.82400 -2.57374 
1.90400 -0.61600 15.92800 -2.46847 
1.93600 -0.61600 16.05600 -2.38698 
1.55200 -1.00000 15.71200 -2.69283 
1.98400 -0.60000 15.80000 -2.55010 
1.84000 -0.70400 15.60800 -2.55391 
1.98400 -0.64000 15.92800 -2.47391 
1.91200 -0.99200 15.59200 -2.78201 
1.54400 -0.60800 15.92000 -2.60332 
1.96800 -0.68000 15.55200 -2.56739 
1.54400 -0.68800 16.05600 -2.52720 
2.02400 -1.01600 16.05600 -2.81321 
1.89600 -0.56800 15.71200 -2.59274 
1.96800 -0.55200 16.08800 -2.41880 
1.92000 -0.61600 15.77600 -2.36747 
2.03200 -1.00000 15.93600 -2.68706 
2.00000 -0.67200 15.92800 -2.62475 
1.58400 -1.02400 16.00000 -2.89139 
1.96800 -0.57600 15.91200 -2.67605 
1.95200 -0.68800 15.95200 -2.62011 
1.94400 -0.65600 15.85600 -2.55342 
2.00000 -0.64800 15.73600 -2.50154 
1.92000 -0.72000 16.10400 -2.51676 
1.94400 -0.68000 16.27200 -2.46865 
2.00000 -0.60000 16.09600 -2.34918 
1.93600 -0.64800 16.15200 -2.32699 
1.53600 -0.64800 16.12800 -2.31521 
1.67200 -0.63200 15.91200 -2.29702 
1.99200 -0.64000 15.96800 -2.29480 
2.02400 -0.74400 16.07200 -2.40055 
1.60000 -0.57600 16.04000 -2.29435 
1.59200 -0.72000 16.15200 -2.37510 
1.57600 -1.02400 16.30400 -2.68871 
2.02400 -0.56800 16.12800 -2.51710 
1.96000 -0.67200 16.06400 -2.48905 
1.56000 -0.56000 16.27200 -2.28796 
1.96000 -0.73600 15.84000 -2.41557 
2.04000 -0.72000 16.18400 -2.46630 
1.89600 -1.02400 16.05600 -2.79326 
1.97600 -0.68000 16.18400 -2.68530 
2.00000 -0.69600 16.24000 -2.62230 
1.90400 -0.68800 16.24800 -2.56897 
1.55200 -0.64800 15.96800 -2.50397 
1.92800 -0.61600 16.13600 -2.41743 
1.56000 -0.67200 16.18400 -2.41098 
1.98400 -0.64800 16.36000 -2.37492 
1.99200 -0.75200 16.03200 -2.47154 
1.98400 -0.65600 16.13600 -2.43625 
1.89600 -0.73600 16.33600 -2.49173 
1.96000 -0.64000 16.32800 -2.43914 
1.96000 -0.64800 16.33600 -2.40774 
1.56000 -0.74400 16.04800 -2.48501 
1.96000 -0.28000 16.22400 -2.11244 
1.66400 -0.64000 16.37600 -2.15595 
1.60800 -0.36800 16.17600 -1.89687 
1.97600 -0.32800 16.31200 -1.69084 
2.03200 -0.48800 16.22400 -1.70860 
2.00000 -0.32000 16.25600 -1.53942 
2.00000 -0.28000 16.00800 -1.38322 
2.02400 -0.34400 16.05600 -1.34357 
1.56800 -0.29600 16.12000 -1.26542 
1.57600 -0.70400 16.05600 -1.63712 
1.89600 -0.28800 16.12000 -1.46524 
1.57600 -0.33600 16.08800 -1.39136 
1.55200 -0.40000 16.26400 -1.40785 
1.62400 -0.72800 15.95200 -1.74549 
1.55200 -0.28000 16.07200 -1.54716 
2.01600 -0.46400 15.98400 -1.59078 
1.99200 -0.29600 16.12800 -1.44689 
1.53600 -0.40000 16.16800 -1.44933 
1.57600 -0.40000 15.95200 -1.45753 
1.57600 -0.37600 16.09600 -1.43242 
1.98400 -0.33600 15.93600 -1.38366 
1.89600 -0.37600 15.82400 -1.39705 
1.93600 -0.38400 15.82400 -1.41275 
1.60000 -0.50400 15.74400 -1.56368 
1.57600 -0.29600 15.67200 -1.42627 
1.56000 -0.07200 15.81600 -1.15181 
1.54400 -0.38400 15.81600 -1.22931 
1.56000 -0.51200 15.91200 -1.40623 
1.56000 -0.51200 15.75200 -1.55022 
1.94400 -0.13600 15.84000 -1.29099 
1.57600 -0.44000 15.52000 -1.40281 
2.03200 -0.05600 15.99200 -1.14346 
1.61600 -0.12000 15.99200 -0.97799 
1.53600 -0.02400 15.65600 -0.76684 
1.57600 -0.50400 15.91200 -1.07023 
1.58400 -0.04800 16.08000 -0.83769 
1.59200 -0.07200 15.84800 -0.69069 
2.01600 -0.09600 15.80000 -0.62256 
1.61600 -0.20000 15.80000 -0.66984 
1.96800 -0.10400 16.07200 -0.60164 
1.56000 -0.16000 15.79200 -0.61062 
1.96800 -0.24800 15.96000 -0.70334 
2.00000 -0.08000 16.16800 -0.62128 
1.96800 -0.11200 15.74400 -0.59085 
1.55200 -0.17600 15.99200 -0.61858 
1.95200 -0.12800 15.88000 -0.59402 
1.56000 0.23200 16.08800 -0.23370 
1.98400 -0.24800 15.98400 -0.42027 
1.86400 -0.25600 16.06400 -0.57117 
2.02400 -0.18400 16.08000 -0.61088 
2.03200 -0.14400 16.20800 -0.60267 
1.56800 -0.20000 16.20000 -0.64814 
1.90400 0.16800 16.23200 -0.35759 
2.00000 0.20000 16.22400 -0.15419 
1.53600 0.13600 16.21600 -0.04123 
1.96800 0.12800 16.03200 0.04643 
2.04000 0.18400 16.21600 0.15585 
1.58400 0.17600 16.13600 0.26640 
2.04000 0.20800 16.18400 0.37026 
1.58400 0.17600 16.17600 0.42222 
1.53600 0.09600 16.54400 0.37980 
2.03200 0.19200 16.40000 0.43001 
2.00000 0.10400 16.11200 0.39536 
2.04000 0.13600 16.37600 0.40067 
1.58400 0.04800 16.27200 0.31522 
1.96800 0.48000 16.38400 0.66207 
2.01600 0.50400 16.32000 0.91209 
2.01600 0.04000 16.32800 0.69847 
1.66400 0.09600 16.07200 0.58709 
1.54400 0.48000 16.20000 0.87671 
1.63200 0.41600 16.21600 1.03539 
1.64000 0.43200 16.24000 1.16425 
1.92000 0.04000 16.27200 0.86405 
1.60000 0.46400 16.23200 1.06410 
1.54400 0.39200 16.36000 1.13652 
1.56000 0.41600 16.19200 1.21698 
1.56000 0.48800 15.93600 1.33708 
1.53600 0.39200 16.03200 1.33636 
1.84000 0.40000 16.10400 1.34077 
1.54400 0.47200 16.20800 1.39801 
1.54400 0.36800 16.11200 1.35422 
1.57600 0.46400 16.09600 1.40988 
1.59200 0.71200 16.21600 1.69397 
1.53600 0.32000 16.11200 1.51416 
1.53600 0.72800 15.96000 1.80334 
1.56000 0.30400 15.88800 1.59621 
1.97600 0.28800 15.78400 1.44759 
1.56800 0.32000 16.13600 1.34728 
1.54400 0.36800 15.81600 1.32607 
1.56000 0.75200 15.94400 1.59559 
2.03200 0.32800 15.84000 1.48115 
1.60800 0.68800 16.12800 1.67221 
1.96000 0.68800 16.08800 1.83743 
1.54400 0.33600 15.99200 1.65935 
1.95200 0.25600 15.87200 1.46748 
1.61600 0.28000 15.75200 1.34818 
1.96800 0.72000 15.93600 1.59006 
1.55200 0.68800 16.08000 1.76285 
2.03200 0.25600 15.94400 1.55023 
2.01600 0.71200 15.99200 1.76646 
1.55200 0.57600 15.96800 1.82372 
2.03200 0.75200 16.09600 2.00592 
1.94400 0.60000 15.87200 2.02566 
1.54400 0.58400 15.99200 2.02204 
1.99200 0.96800 16.00800 2.33310 
1.98400 0.54400 15.97600 2.23325 
1.61600 0.65600 15.97600 2.24304 
1.99200 0.60800 15.77600 2.21977 
1.56800 0.56800 16.00000 2.15865 
1.64800 1.00800 15.72000 2.50074 
1.68800 0.52800 15.90400 2.33536 
1.66400 0.83200 16.06400 2.48347 
1.65600 0.89600 16.00000 2.65519 
1.66400 0.80800 15.92800 2.70861 
1.58400 0.88000 16.07200 2.81745 
1.96000 0.60800 16.07200 2.63993 
1.53600 0.96000 15.80000 2.85978 
1.56800 0.99200 15.91200 3.01962 
1.59200 0.83200 16.20000 2.98875 
2.01600 1.00800 16.06400 3.11656 
1.53600 0.52000 15.97600 2.80155 
1.90400 0.84800 16.12000 2.84048 
2.01600 0.95200 16.20000 2.96128 
1.66400 1.26400 16.03200 3.34902 
1.60000 0.79200 16.05600 3.21057 
1.63200 0.94400 15.93600 3.24681 
1.65600 0.84800 15.98400 3.18605 
1.92000 0.90400 16.11200 3.17572 
2.04000 0.84800 16.11200 3.12370 
1.89600 0.76800 16.01600 3.02282 
1.59200 1.23200 16.11200 3.33171 
1.98400 1.26400 16.36800 3.57229 
1.54400 1.13600 16.24000 3.67288 
2.02400 1.20800 16.11200 3.80474 
1.64000 1.26400 16.14400 3.97089 
1.59200 1.20800 16.30400 4.03564 
2.04000 0.77600 16.17600 3.72727 
1.64800 1.14400 16.12800 3.78662 
1.56800 1.10400 16.18400 3.80265 
1.54400 1.14400 16.09600 3.85361 
1.55200 1.16000 16.24000 3.91485 
1.57600 1.14400 16.38400 3.93286 
1.64800 1.21600 16.04800 4.04065 
1.60800 1.06400 16.08800 3.97714 
1.99200 1.20000 16.19200 4.02699 
1.55200 0.80800 16.23200 3.76587 
1.60000 1.03200 16.16800 3.73431 
1.99200 1.07200 16.21600 3.74187 
2.00000 1.08800 15.90400 3.77782 
1.56800 1.08800 16.19200 3.78839 
1.58400 1.20800 16.00800 3.90098 
1.60000 1.05600 16.32800 3.85400 
1.56000 1.13600 16.08000 3.89434 
1.60000 1.04000 16.13600 3.84308 
1.97600 1.04800 15.95200 3.82202 
1.60000 1.08000 15.88000 3.83499 
2.04000 1.08000 16.05600 3.83459 
1.66400 1.13600 15.98400 3.87809 
1.56800 1.02400 15.87200 3.83804 
1.99200 1.04000 15.96800 3.81537 
1.90400 1.05600 15.96000 3.80990 
2.03200 1.46400 16.03200 4.09868 
1.56000 1.10400 15.68000 4.08610 
1.64000 1.41600 15.88800 4.32296 
1.98400 1.04000 16.12000 4.18320 
1.64800 1.05600 15.95200 4.09196 
1.64800 1.04000 15.92000 4.01107 
1.68000 1.35200 15.98400 4.21075 
1.64800 1.47200 15.92000 4.46627 
1.67200 1.05600 15.81600 4.31889 
1.96800 1.52800 15.93600 4.57520 
1.98400 1.03200 15.70400 4.39555 
1.66400 1.03200 16.14400 4.23946 
1.69600 1.06400 15.81600 4.16037 
1.55200 1.08800 16.04800 4.10536 
1.56000 1.49600 15.92800 4.36992 
2.02400 1.09600 16.05600 4.27992 
1.60000 1.03200 16.08800 4.15451 
1.66400 1.38400 15.98400 4.34461 
1.64800 1.37600 16.04000 4.48415 
2.02400 1.02400 15.78400 4.32736 
1.56800 1.42400 15.92000 4.51767 
1.61600 1.04800 15.91200 4.35153 
1.93600 1.13600 15.81600 4.30828 
1.94400 1.52000 16.15200 4.55304 
2.02400 1.02400 15.88800 4.37091 
1.59200 1.44800 16.04000 4.56018 
1.96800 1.46400 15.98400 4.72337 
1.56000 1.48000 15.97600 4.86533 
2.02400 1.46400 16.08000 4.95418 
2.02400 1.44000 15.86400 5.01998 
1.92800 1.05600 16.05600 4.73423 
2.03200 1.49600 15.88000 4.89793 
2.02400 1.10400 15.71200 4.70436 
1.60000 1.16800 15.88800 4.60747 
1.61600 1.31200 16.22400 4.62327 
1.63200 1.44000 15.96000 4.75420 
2.02400 1.33600 16.01600 4.77501 
1.59200 1.08000 16.26400 4.55221 
1.56000 1.29600 16.08000 4.58532 
1.60800 1.08000 16.20000 4.41304 
2.00000 1.44000 15.88000 4.60078 
1.54400 1.31200 16.28000 4.62240 
1.62400 1.52800 16.23200 4.82372 
1.61600 1.08800 16.08800 4.63042 
1.60000 1.05600 16.25600 4.44555 
1.64000 1.05600 16.15200 4.30516 
1.53600 1.18400 16.21600 4.29617 
1.99200 1.07200 16.19200 4.20797 
1.56000 1.07200 16.04800 4.13917 
1.61600 1.18400 16.20000 4.16812 
1.62400 1.10400 16.07200 4.13477 
2.01600 1.08800 16.15200 4.09609 
1.64800 1.02400 16.01600 4.02233 
2.03200 1.10400 16.12800 4.02166 
1.57600 1.13600 16.05600 4.04831 
2.04000 1.05600 16.31200 3.99905 
1.53600 1.05600 16.37600 3.95455 
1.55200 1.08800 16.23200 3.95142 
2.03200 1.12000 16.21600 3.97439 
1.97600 1.10400 16.18400 3.98072 
1.59200 1.02400 16.22400 3.90969 
1.96800 1.13600 16.25600 3.95687 
1.76800 1.27200 16.07200 4.12665 
2.01600 1.12000 16.20800 4.11097 
1.95200 1.09600 16.00800 4.08982 
1.64800 1.36800 16.04000 4.29636 
1.90400 1.36800 16.12800 4.45362 
1.55200 1.68800 15.84000 4.83722 
1.54400 1.42400 15.96800 4.93183 
1.64000 1.47200 16.12000 5.03504 
1.56800 1.38400 15.88000 5.05230 
1.56800 1.44800 16.20000 5.10067 
1.92000 1.36800 15.96800 5.08043 
1.96000 1.76000 16.04800 5.40184 
2.03200 1.33600 15.98400 5.27110 
1.65600 1.45600 16.08000 5.28156 
1.95200 1.34400 15.81600 5.22033 
1.98400 1.36000 16.06400 5.16923 
1.57600 1.36800 16.00000 5.12777 
1.60000 1.35200 16.03200 5.07862 
1.58400 1.50400 16.12800 5.18536 
1.94400 1.48000 15.99200 5.24846 
1.99200 1.45600 15.88800 5.28214 
1.63200 1.05600 15.98400 4.93316 
2.02400 1.10400 15.88800 4.72584 
1.53600 1.25600 15.86400 4.70996 
1.60800 1.23200 15.81600 4.67935 
1.59200 0.90400 15.91200 4.36763 
1.61600 1.00800 15.85600 4.22523 
1.61600 0.93600 15.77600 4.05923 
1.57600 0.65600 15.92800 3.69580 
1.99200 0.64000 15.71200 3.42618 
1.60800 0.71200 16.00000 3.25493 
2.03200 0.75200 15.86400 3.17021 
1.62400 0.33600 15.85600 2.78742 
1.55200 0.31200 16.00800 2.46227 
1.62400 0.38400 16.16800 2.25561 
1.75200 0.38400 16.23200 2.08882 
1.63200 0.04800 16.17600 1.71099 
1.53600 0.50400 16.08000 1.77160 
1.60000 0.50400 16.39200 1.80917 
1.71200 0.49600 15.98400 1.84228 
1.60000 0.13600 16.29600 1.55626 
1.67200 0.16000 16.27200 1.31882 
1.55200 0.16800 16.10400 1.14744 
1.64800 0.11200 16.26400 0.97075 
1.56800 0.20000 16.15200 0.93457 
1.56800 0.08000 16.26400 0.79011 
1.57600 -0.22400 16.11200 0.40987 
1.66400 0.08800 16.08000 0.42354 
1.60800 -0.14400 16.23200 0.23368 
1.63200 -0.23200 16.17600 0.01457 
1.64000 -0.24800 16.37600 -0.16458 
1.67200 -0.20800 16.56800 -0.27768 
1.57600 -0.19200 16.32000 -0.35083 
1.56800 -0.20800 16.04800 -0.42199 
1.53600 -0.20000 16.06400 -0.45105 
1.82400 -0.13600 15.97600 -0.42186 
1.96000 0.17600 16.09600 -0.15657 
1.98400 -0.13600 15.90400 -0.19524 
1.58400 -0.05600 16.12000 -0.15874 
1.88800 -0.21600 16.12000 -0.26423 
1.63200 -0.48000 16.22400 -0.55552 
2.04000 -0.12000 16.17600 -0.48969 
2.03200 -0.07200 15.94400 -0.40116 
1.53600 -0.51200 16.27200 -0.67788 
1.95200 -0.10400 16.08800 -0.57159 
2.01600 -0.11200 15.81600 -0.49839 
1.82400 -0.12800 16.11200 -0.45298 
1.93600 -0.08000 16.04800 -0.37280 
2.03200 -0.06400 16.08000 -0.29959 
1.96000 -0.16000 16.17600 -0.33215 
1.97600 -0.45600 16.13600 -0.63660 
1.56000 -0.40000 15.96800 -0.81770 
1.98400 -0.39200 16.13600 -0.93738 
2.03200 -0.49600 15.88000 -1.14413 
2.03200 -0.00800 15.93600 -0.78875 
1.88000 -0.48800 15.86400 -1.05096 
2.02400 -0.41600 15.75200 -1.15688 
1.96800 -0.02400 15.84000 -0.92707 
1.56800 -0.46400 15.68000 -1.06146 
1.91200 -0.42400 16.08800 -1.13977 
1.96000 -0.30400 15.99200 -1.09787 
1.58400 -0.28800 15.76800 -1.05638 
2.02400 -0.30400 16.08000 -1.03323 
2.01600 -0.76800 16.14400 -1.42204 
1.95200 -0.26400 16.04000 -1.26517 
1.98400 -0.75200 15.73600 -1.60750 
1.87200 -0.33600 15.84800 -1.47251 
1.89600 -0.36800 16.06400 -1.40108 
2.03200 -0.42400 15.81600 -1.41052 
2.00000 -0.33600 15.88000 -1.33548 
2.02400 -0.53600 16.24000 -1.45756 
1.53600 -0.72000 15.74400 -1.71894 
1.94400 -0.35200 15.91200 -1.57680 
1.90400 -0.74400 15.83200 -1.84694 
1.99200 -0.64800 16.00000 -1.95045 
1.91200 -0.70400 15.96000 -2.08417 
2.03200 -0.64800 15.85600 -2.13501 
1.98400 -0.57600 15.91200 -2.09044 
1.58400 -0.61600 15.76800 -2.11088 
1.58400 -0.65600 15.83200 -2.15705 
2.04000 -0.66400 16.04000 -2.18991 
1.98400 -0.62400 16.07200 -2.18018 
1.90400 -0.64000 16.01600 -2.18578 
1.96800 -0.88000 16.15200 -2.38256 
2.03200 -0.56000 15.98400 -2.27455 
1.62400 -0.90400 15.90400 -2.48989 
1.56800 -0.96000 16.22400 -2.68616 
1.93600 -0.96000 16.08000 -2.83589 
1.67200 -0.84000 16.28000 -2.84365 
1.91200 -0.93600 16.12000 -2.95457 
1.61600 -0.92800 16.22400 -3.02412 
2.04000 -0.89600 16.08000 -3.04838 
1.71200 -0.88000 16.04800 -3.05526 
1.56000 -0.83200 16.08000 -3.00908 
1.65600 -0.92000 16.00000 -3.07230 
1.61600 -0.82400 16.30400 -3.00404 
1.60000 -0.79200 16.08000 -2.93268 
1.56000 -0.82400 16.21600 -2.90885 
1.68000 -0.81600 16.14400 -2.88775 
1.64000 -1.20800 16.17600 -3.25183 
1.68800 -0.77600 16.19200 -3.08650 
1.98400 -1.23200 16.04000 -3.37490 
2.02400 -0.88000 16.10400 -3.30116 
1.53600 -1.24000 16.09600 -3.55475 
2.04000 -0.82400 16.28000 -3.38263 
1.54400 -1.26400 16.12000 -3.68689 
1.54400 -1.26400 16.26400 -3.90742 
1.62400 -0.81600 16.13600 -3.58052 
1.62400 -0.78400 16.11200 -3.32130 
1.97600 -0.84800 15.97600 -3.23384 
1.58400 -0.87200 16.38400 -3.15919 
1.64000 -1.18400 15.88800 -3.47883 
1.64000 -0.89600 16.13600 -3.37334 
2.02400 -0.88000 15.88000 -3.30838 
1.92800 -0.90400 16.16800 -3.26709 
1.94400 -1.19200 16.12000 -3.53076 
1.99200 -0.91200 16.18400 -3.43302 
1.94400 -0.80800 15.94400 -3.28107 
1.98400 -0.97600 16.11200 -3.32615 
1.99200 -1.01600 16.08800 -3.39905 
1.94400 -0.95200 16.08800 -3.39008 
1.88800 -0.88000 16.08000 -3.31669 
2.03200 -0.85600 15.84000 -3.25427 
2.03200 -0.84000 15.98400 -3.18562 
1.87200 -0.95200 16.04800 -3.24985 
1.99200 -0.97600 15.75200 -3.34017 
1.83200 -0.54400 16.04800 -2.90073 
1.85600 -0.97600 16.15200 -3.04680 
1.96800 -0.97600 15.90400 -3.16909 
2.03200 -0.94400 15.82400 -3.23285 
2.04000 -0.92000 16.18400 -3.23808 
1.79200 -0.56000 16.00800 -2.89840 
1.84000 -0.55200 15.99200 -2.63499 
2.00000 -0.57600 15.80000 -2.46956 
1.92000 -0.68000 15.66400 -2.47158 
1.88000 -0.65600 16.05600 -2.42546 
1.81600 -0.70400 15.92000 -2.45783 
1.90400 -0.76800 15.85600 -2.55727 
1.99200 -0.68800 16.20000 -2.51548 
1.90400 -0.73600 15.96800 -2.55488 
1.90400 -0.73600 15.96800 -2.58160 
1.97600 -0.53600 15.60000 -2.43536 
1.89600 -0.32000 15.95200 -2.12415 
1.96000 -0.75200 16.20800 -2.28380 
1.59200 -0.29600 15.98400 -1.93108 
2.00000 -0.28000 15.95200 -1.66593 
1.97600 -0.65600 16.07200 -1.85168 
1.56000 -0.32000 16.00000 -1.67093 
2.03200 -0.36800 16.04000 -1.57880 
2.03200 -0.71200 16.04800 -1.86296 
1.61600 -0.72800 16.04000 -2.08551 
1.60800 -0.29600 15.94400 -1.78117 
1.98400 -0.42400 15.92800 -1.70953 
1.99200 -0.48000 16.13600 -1.71277 
1.97600 -0.72800 16.12000 -1.97848 
2.04000 -0.48000 16.03200 -1.90556 
2.04000 -0.46400 16.15200 -1.83074 
2.02400 -0.40000 16.10400 -1.71066 
2.03200 -0.37600 16.12800 -1.60019 
1.96800 -0.04000 15.84800 -1.20365 
2.00000 -0.12000 15.99200 -0.98207 
1.56000 -0.38400 16.26400 -1.09317 
1.99200 -0.39200 16.04000 -1.19417 
1.62400 -0.04000 16.28000 -0.88160 
2.04000 -0.32000 15.98400 -0.96829 
1.66400 -0.44800 16.04000 -1.17987 
1.63200 -0.43200 16.22400 -1.30101 
2.02400 -0.32000 16.30400 -1.25912 
2.02400 -0.51200 16.12800 -1.43645 
1.60000 -0.06400 16.15200 -1.08876 
1.54400 -0.50400 16.32800 -1.31042 
1.70400 -0.48000 16.20000 -1.44542 
1.65600 -0.46400 15.96800 -1.51703 
1.56800 -0.51200 16.25600 -1.60761 
1.60800 -0.00800 16.18400 -1.19880 
2.03200 -0.35200 16.19200 -1.22455 
1.71200 -0.01600 16.13600 -0.89185 
1.56800 -0.04800 16.32800 -0.67965 
1.63200 -0.38400 16.24000 -0.88552 
1.56800 -0.48800 15.95200 -1.14641 
1.61600 -0.48800 16.10400 -1.33181 
1.69600 -0.35200 16.27200 -1.32174 
1.67200 -0.07200 16.18400 -1.02616 
1.97600 -0.48000 16.14400 -1.22553 
1.56000 -0.39200 16.10400 -1.29058 
1.66400 -0.05600 16.17600 -0.98314 
1.58400 -0.04800 16.00800 -0.75008 
1.56000 -0.40800 16.01600 -0.98183 
1.56000 -0.51200 16.14400 -1.20730 
2.02400 -0.48800 15.98400 -1.35497 
2.00000 -0.44800 15.75200 -1.43894 
1.53600 -0.08800 16.08800 -1.13883 
1.59200 -0.03200 15.90400 -0.86341 
2.01600 -0.01600 15.84000 -0.67138 
1.92800 -0.03200 15.84800 -0.53147 
1.58400 -0.14400 16.08000 -0.54022 
1.88000 -0.43200 16.01600 -0.82655 
1.89600 -0.50400 15.92800 -1.09284 
1.56000 -0.00800 16.03200 -0.84115 
1.99200 -0.14400 16.17600 -0.77110 
2.03200 -0.08000 15.82400 -0.65446 
2.04000 -0.48800 15.80800 -0.96884 
1.94400 -0.02400 15.78400 -0.73359 
1.96000 -0.01600 15.82400 -0.55337 
1.97600 -0.10400 16.03200 -0.51359 
2.02400 -0.03200 16.09600 -0.40758 
2.00000 -0.19200 15.72000 -0.51097 
1.88000 -0.20800 15.88800 -0.58724 
1.85600 -0.19200 15.85600 -0.62949 
2.02400 -0.19200 16.00800 -0.65909 
1.89600 -0.16000 15.97600 -0.65197 
2.02400 0.24800 15.97600 -0.28061 
1.97600 -0.20800 15.99200 -0.42267 
1.93600 -0.14400 15.78400 -0.46608 
1.94400 -0.24000 16.00800 -0.59212 
2.02400 -0.25600 16.06400 -0.69692 
1.99200 0.18400 15.98400 -0.39743 
1.85600 0.08000 15.95200 -0.24582 
1.99200 -0.24000 16.03200 -0.41093 
2.02400 0.22400 15.72000 -0.13914 
1.99200 0.21600 15.94400 0.10683 
1.58400 0.16000 15.80000 0.23441 
2.01600 0.15200 15.79200 0.31121 
1.91200 0.13600 16.12000 0.33573 
2.03200 0.09600 15.97600 0.31777 
1.53600 0.08800 16.22400 0.29532 
2.04000 0.19200 16.08000 0.39130 
1.55200 0.12000 15.96800 0.38895 
1.62400 0.00800 16.19200 0.26369 
1.54400 0.20000 16.19200 0.38592 
1.68800 0.08800 16.03200 0.34981 
1.67200 0.06400 15.91200 0.29941 
1.57600 0.49600 15.80800 0.65809 
1.56000 0.06400 15.99200 0.52506 
1.59200 0.07200 16.22400 0.43458 
1.95200 0.30400 16.20800 0.58316 
2.04000 0.40800 16.22400 0.78089 
1.54400 0.32800 16.21600 0.86047 
1.64800 0.01600 16.22400 0.62669 
1.58400 0.44000 16.00800 0.84629 
1.56000 0.00000 15.97600 0.61832 
1.53600 0.35200 16.00000 0.76566 
1.71200 0.39200 16.24800 0.91668 
1.56800 0.43200 16.24000 1.07179 
1.71200 0.39200 16.13600 1.14549 
1.61600 0.39200 16.23200 1.20299 
2.01600 0.33600 15.98400 1.18883 
1.56000 0.43200 16.08000 1.27692 
1.68800 0.41600 16.32000 1.30642 
1.66400 0.72800 16.32800 1.58460 
1.67200 0.29600 16.14400 1.43654 
1.64800 0.30400 16.33600 1.32906 
2.04000 0.40800 16.22400 1.33821 
1.57600 0.44800 16.19200 1.38607 
1.56000 0.74400 16.24800 1.66919 
1.62400 0.33600 16.24000 1.52890 
1.64000 0.42400 16.08000 1.50982 
2.04000 0.74400 16.24800 1.74780 
1.28800 0.46400 16.25600 1.70497 
1.68000 0.29600 16.16800 1.52024 
1.65600 0.74400 16.19200 1.78268 
2.04000 0.31200 16.16800 1.58808 
2.00000 0.37600 16.11200 1.50232 
1.61600 0.29600 16.03200 1.35580 
1.61600 0.41600 16.32800 1.36792 
2.04000 0.42400 15.96000 1.38996 
1.98400 0.43200 15.91200 1.41638 
1.96000 0.27200 16.00000 1.28893 
1.56800 0.26400 16.09600 1.19253 
1.64800 0.41600 16.09600 1.22878 
2.02400 0.34400 15.92000 1.20827 
2.01600 0.36000 16.08800 1.21098 
2.01600 0.30400 15.92000 1.16785 
2.02400 0.25600 16.15200 1.08865 
1.56800 0.44000 15.88000 1.19021 
1.58400 0.74400 15.87200 1.52169 
1.55200 0.28800 15.99200 1.38314 
1.96800 0.64000 15.99200 1.58218 
1.99200 0.41600 15.93600 1.54750 
1.92000 0.29600 15.86400 1.41317 
1.60800 0.75200 15.99200 1.69065 
1.99200 0.41600 16.19200 1.62641 
1.96800 0.75200 15.94400 1.85592 
1.56800 0.30400 15.81600 1.66349 
1.55200 0.35200 15.91200 1.54957 
2.03200 0.26400 15.90400 1.39054 
1.56000 0.62400 16.17600 1.57020 
1.92800 0.28000 15.98400 1.41640 
1.95200 0.32000 15.99200 1.33512 
1.98400 0.25600 16.00800 1.21716 
1.90400 0.28000 16.07200 1.14841 
1.94400 0.61600 15.98400 1.39461 
1.93600 0.68000 15.95200 1.64029 
2.01600 0.73600 15.66400 1.84589 
1.56000 0.68800 16.05600 1.96113 
1.54400 0.55200 15.82400 1.95606 
1.56800 0.54400 15.94400 1.94612 
2.01600 0.66400 15.99200 2.03571 
1.89600 0.59200 15.66400 2.05806 
1.94400 0.96800 15.95200 2.37994 
1.97600 0.65600 16.18400 2.35156 
1.92800 0.64000 16.21600 2.31691 
1.60800 0.68000 15.90400 2.32983 
1.56000 0.54400 15.95200 2.23734 
2.04000 1.00800 16.19200 2.47703 
1.54400 0.69600 16.10400 2.46129 
2.02400 0.97600 15.97600 2.66414 
1.64000 1.00000 16.09600 2.85674 
1.99200 1.00000 16.07200 3.00085 
2.01600 0.84800 15.82400 3.00186 
2.00000 1.01600 16.24800 3.10768 
1.54400 0.92800 16.05600 3.13637 
1.58400 1.26400 15.95200 3.41240 
1.62400 0.96000 16.19200 3.40241 
1.60800 0.92000 16.01600 3.37226 
1.54400 1.26400 16.08000 3.59973 
1.94400 0.84000 15.99200 3.44776 
1.61600 0.92000 16.33600 3.38383 
1.55200 1.24800 16.09600 3.65623 
1.68800 1.26400 16.36000 3.84997 
1.53600 1.21600 16.16800 3.96931 
1.55200 1.20800 16.23200 4.04508 
1.54400 0.81600 16.28000 3.74218 
1.56000 0.81600 15.88000 3.53408 
1.67200 1.19200 16.14400 3.70287 
1.68000 1.20000 16.24000 3.81531 
1.59200 1.22400 15.97600 3.93849 
1.62400 1.02400 16.04000 3.86959 
1.96800 1.52000 16.03200 4.17863 
1.73600 1.03200 16.09600 4.05688 
1.55200 1.04000 16.24000 3.96277 
1.63200 1.10400 16.17600 3.94559 
1.63200 1.03200 16.18400 3.87210 
1.57600 1.05600 16.29600 3.82862 
1.61600 1.50400 16.07200 4.13891 
1.70400 1.02400 16.07200 4.02224 
1.58400 1.02400 16.03200 3.93354 
1.64800 1.52800 16.17600 4.26211 
1.63200 1.04800 16.04000 4.12697 
1.66400 1.52000 16.09600 4.43757 
2.00000 1.08000 16.39200 4.27735 
1.56000 1.51200 16.08000 4.52933 
2.01600 1.06400 16.18400 4.35436 
1.56800 1.03200 16.06400 4.19328 
1.71200 1.03200 16.06400 4.07818 
1.55200 1.44000 15.81600 4.32006 
1.58400 1.40800 15.76800 4.49491 
1.56800 1.49600 15.92800 4.69001 
1.56800 1.40800 16.04000 4.77345 
1.53600 1.44800 16.36000 4.84795 
1.64800 1.48000 15.91200 4.96345 
1.60800 1.76000 16.03200 5.26562 
1.56800 1.02400 15.88800 4.89644 
1.66400 1.44800 16.00000 4.96998 
1.91200 1.43200 15.68800 5.02758 
1.94400 1.52000 15.77600 5.13532 
1.56000 1.42400 16.16800 5.11552 
2.02400 1.34400 15.87200 5.06323 
1.98400 1.47200 15.92800 5.12235 
1.54400 1.37600 15.77600 5.09906 
1.56000 1.36800 16.04800 5.05023 
1.95200 1.46400 15.93600 5.10217 
1.97600 1.52800 16.04800 5.18543 
1.56000 1.50400 15.88000 5.24360 
1.56800 1.42400 15.97600 5.21762 
1.98400 1.37600 15.72000 5.17947 
2.00000 1.43200 15.94400 5.18076 
1.91200 1.37600 16.24000 5.10188 
1.98400 1.36800 15.93600 5.06010 
1.94400 1.39200 16.00800 5.04453 
2.00000 1.05600 15.70400 4.79384 
2.04000 1.02400 15.96000 4.55813 
1.55200 1.47200 15.84000 4.73964 
1.60800 1.49600 15.81600 4.93441 
1.55200 1.06400 16.04000 4.64160 
1.56800 1.52000 15.85600 4.87938 
2.02400 1.36800 15.90400 4.90431 
1.59200 1.04800 16.14400 4.63410 
1.58400 1.45600 15.96800 4.79050 
2.01600 1.06400 16.14400 4.57577 
2.03200 1.40800 15.82400 4.70871 
1.57600 1.52800 15.97600 4.90330 
1.56000 1.06400 16.05600 4.65451 
1.67200 1.48000 15.99200 4.84035 
1.54400 1.36000 16.08000 4.85965 
1.66400 1.09600 16.04800 4.62599 
1.67200 1.52000 16.00800 4.85156 
1.96000 1.16800 16.04800 4.69881 
1.66400 1.08800 16.09600 4.49893 
1.98400 1.77600 15.92800 4.90429 
1.56000 1.51200 15.91200 5.04559 
1.68800 1.04800 16.17600 4.75274 
1.72000 1.52000 16.23200 4.91256 
1.54400 1.43200 16.17600 4.97066 
1.64000 1.39200 16.16800 4.98309 
2.00000 1.47200 16.18400 5.05424 
1.56000 1.04000 16.04800 4.76826 
1.98400 1.47200 16.11200 4.89193 
1.68800 1.36800 16.24000 4.89942 
1.73600 1.51200 16.29600 5.01409 
1.67200 1.03200 15.93600 4.73470 
1.60000 1.45600 16.14400 4.85598 
1.72800 1.04000 16.11200 4.58160 
1.60000 1.49600 16.17600 4.78909 
1.66400 1.06400 16.29600 4.54077 
1.60800 1.12800 16.11200 4.43053 
1.28800 1.07200 16.30400 4.28912 
1.57600 1.04000 16.08800 4.16690 
1.59200 1.04000 16.03200 4.08656 
1.60800 1.49600 16.04000 4.39116 
1.58400 1.44800 16.06400 4.59590 
2.02400 1.47200 15.97600 4.76787 
1.92800 1.41600 16.16800 4.85159 
1.58400 1.02400 16.20000 4.59089 
1.98400 1.07200 16.22400 4.43658 
1.60800 1.50400 16.06400 4.70535 
1.59200 1.05600 15.98400 4.48472 
1.60800 1.12000 16.08800 4.37914 
1.58400 1.04000 15.92000 4.22673 
1.61600 1.11200 15.86400 4.19818 
1.58400 1.06400 16.15200 4.10752 
2.03200 1.22400 15.90400 4.21208 
1.61600 1.08800 16.11200 4.15289 
1.54400 1.09600 15.78400 4.13852 
1.54400 1.11200 15.78400 4.14668 
1.60000 1.26400 15.91200 4.27023 
2.03200 1.07200 16.08800 4.20605 
1.55200 1.26400 16.01600 4.30269 
1.53600 1.14400 16.01600 4.28062 
1.95200 1.20800 16.00000 4.31999 
1.56000 1.12800 16.04800 4.27851 
1.63200 1.27200 15.73600 4.39899 
1.55200 1.13600 16.13600 4.34110 
2.00000 1.25600 15.93600 4.41451 
1.61600 1.09600 16.20000 4.31926 
1.56800 1.27200 16.00000 4.40901 
2.00000 0.83200 15.69600 4.14683 
1.97600 1.21600 15.92000 4.23714 
1.90400 0.84000 15.96000 3.97148 
1.58400 0.90400 15.73600 3.83465 
2.01600 0.97600 16.10400 3.77215 
1.54400 0.83200 15.98400 3.57871 
1.84800 1.01600 15.84000 3.64381 
2.03200 0.57600 15.96000 3.32553 
1.59200 0.97600 16.13600 3.38769 
2.01600 0.70400 15.91200 3.22744 
1.65600 0.90400 16.10400 3.25684 
1.96000 0.71200 15.87200 3.12782 
2.04000 0.52000 16.28000 2.85856 
1.57600 0.72000 16.08000 2.82204 
1.97600 0.60000 16.01600 2.69544 
1.56800 0.60800 16.08800 2.60051 
1.64000 0.64800 16.10400 2.56281 
1.94400 0.28000 15.91200 2.22079 
1.56000 0.36000 16.10400 2.01200 
1.66400 0.28000 16.05600 1.78421 
1.95200 0.34400 16.04800 1.68476 
2.01600 0.39200 16.12800 1.64941 
1.99200 0.35200 16.24000 1.58372 
1.96800 0.35200 16.08000 1.53988 
1.96000 0.28000 16.09600 1.44417 
1.92800 0.42400 16.03200 1.49674 
1.60000 0.39200 16.12000 1.50709 
1.57600 0.00800 16.07200 1.17649 
2.04000 0.00000 16.13600 0.93594 
2.04000 0.00000 15.97600 0.74697 
1.99200 0.16000 16.29600 0.73394 
1.56000 0.12000 16.04000 0.69156 
1.94400 0.20000 16.11200 0.73187 
2.01600 0.13600 16.22400 0.71149 
1.57600 0.22400 16.06400 0.76509 
1.59200 0.22400 16.20800 0.80626 
1.97600 0.22400 16.20800 0.83863 
2.04000 -0.12000 16.06400 0.56133 
1.55200 -0.23200 16.04000 0.21408 
2.04000 -0.22400 16.21600 -0.02645 
1.61600 -0.24800 16.13600 -0.23130 
1.90400 -0.12000 15.93600 -0.25239 
1.90400 -0.07200 16.17600 -0.21768 
1.58400 -0.15200 16.30400 -0.26729 
1.98400 -0.01600 16.20000 -0.17764 
2.01600 -0.14400 16.05600 -0.22821 
2.04000 -0.11200 15.93600 -0.24444 
1.54400 -0.08000 15.95200 -0.22556 
1.61600 -0.42400 16.48800 -0.50971 
1.53600 -0.42400 16.20800 -0.73931 
1.90400 -0.03200 16.24800 -0.54261 
2.02400 -0.43200 16.04000 -0.75852 
1.54400 -0.44800 15.99200 -0.97363 
2.00000 -0.36800 16.16800 -1.03248 
1.65600 -0.50400 15.94400 -1.22810 
1.61600 -0.35200 16.13600 -1.20110 
1.95200 -0.38400 16.00000 -1.21322 
2.00000 -0.38400 16.26400 -1.21721 
1.62400 -0.40800 16.06400 -1.24879 
1.53600 -0.32000 16.12800 -1.18484 
1.97600 -0.32000 16.01600 -1.14235 
1.65600 -0.76000 15.97600 -1.53441 
1.96000 -0.28000 15.98400 -1.36152 
1.91200 -0.28800 16.10400 -1.23289 
1.92800 -0.33600 16.26400 -1.18781 
1.95200 -0.29600 16.04000 -1.12217 
1.54400 -0.76000 15.92800 -1.49374 
1.61600 -0.70400 16.11200 -1.73715 
1.93600 -0.34400 16.04000 -1.58119 
1.54400 -0.66400 15.92000 -1.76219 
1.56000 -0.68800 15.72800 -1.93055 
1.92800 -0.62400 16.01600 -1.98527 
2.02400 -0.66400 16.06400 -2.06230 
1.95200 -0.64800 16.01600 -2.10847 
1.57600 -0.76800 15.86400 -2.26988 
1.96800 -0.61600 15.93600 -2.22842 
2.00000 -0.64000 15.99200 -2.22147 
1.54400 -0.55200 16.00800 -2.12775 
1.92000 -1.01600 15.90400 -2.48439 
1.95200 -0.61600 16.00000 -2.39039 
1.91200 -0.59200 16.04000 -2.29677 
1.94400 -0.63200 16.07200 -2.26297 
2.03200 -0.57600 16.07200 -2.18429 
1.54400 -0.56000 16.00800 -2.11516 
2.00000 -1.02400 15.96000 -2.49591 
1.96000 -0.60000 16.00000 -2.37029 
2.01600 -0.94400 15.91200 -2.63804 
1.53600 -0.53600 15.94400 -2.42777 
1.84800 -0.56000 15.84800 -2.28963 
1.54400 -0.99200 16.04800 -2.61320 
2.02400 -0.61600 16.14400 -2.47537 
1.55200 -1.00000 16.22400 -2.75022 
1.56800 -1.00800 16.00000 -3.00172 
1.56800 -0.92800 15.92800 -3.09385 
1.81600 -0.52800 16.18400 -2.73623 
1.80800 -0.92800 16.08000 -2.88503 
1.98400 -0.52000 16.19200 -2.58139 
1.64800 -1.00000 16.16800 -2.83458 
2.04000 -0.77600 16.08800 -2.79999 
1.92800 -0.82400 16.00800 -2.82696 
1.88800 -0.80800 16.07200 -2.83138 
1.88800 -0.88000 16.27200 -2.90613 
1.92000 -0.86400 16.01600 -2.95370 
1.57600 -0.92800 16.20800 -3.02392 
1.96800 -1.26400 16.09600 -3.36903 
1.98400 -0.78400 16.23200 -3.20500 
1.92800 -1.23200 16.29600 -3.47636 
1.89600 -0.82400 16.17600 -3.32498 
1.98400 -0.86400 16.17600 -3.24907 
1.92000 -0.92800 16.06400 -3.25658 
2.03200 -0.82400 16.19200 -3.15014 
1.99200 -1.27200 16.01600 -3.51618 
1.56000 -1.16800 15.94400 -3.69681 
1.57600 -1.18400 16.03200 -3.85600 
1.96800 -1.20800 16.05600 -3.98004 
1.96800 -1.25600 16.06400 -4.12116 
1.67200 -1.23200 16.01600 -4.20411 
1.56800 -0.90400 16.30400 -3.88000 
1.59200 -1.25600 16.10400 -4.06084 
1.58400 -0.84000 16.14400 -3.75438 
1.64000 -0.80000 15.90400 -3.50528 
1.56800 -1.16000 16.13600 -3.67640 
1.98400 -0.81600 16.16800 -3.47155 
1.97600 -1.18400 16.13600 -3.67777 
1.99200 -1.22400 16.20800 -3.86095 
1.54400 -1.09600 16.21600 -3.86649 
1.53600 -1.24000 16.14400 -4.03233 
1.97600 -1.26400 16.01600 -4.16842 
1.94400 -0.81600 16.00000 -3.80780 
1.96000 -1.21600 16.20000 -3.94481 
2.00000 -0.91200 15.80000 -3.77202 
1.86400 -1.13600 15.99200 -3.85828 
1.56000 -0.78400 15.95200 -3.61711 
1.53600 -0.77600 15.88800 -3.41551 
1.96000 -0.81600 16.31200 -3.27981 
1.61600 -1.24000 16.00000 -3.54332 
1.59200 -0.83200 15.97600 -3.43540 
2.04000 -0.81600 15.99200 -3.33818 
1.95200 -0.83200 16.04800 -3.27311 
1.54400 -0.84000 16.11200 -3.20813 
1.89600 -0.84000 15.84800 -3.17408 
1.96800 -0.79200 15.84000 -3.10753 
1.86400 -0.89600 15.80000 -3.15039 
1.88800 -0.91200 15.95200 -3.18994 
2.03200 -0.96000 15.90400 -3.26874 
1.67200 -1.00800 16.06400 -3.36839 
1.89600 -0.92800 15.95200 -3.36631 
1.84000 -0.98400 15.86400 -3.42808 
1.53600 -1.00800 15.74400 -3.50889 
1.89600 -0.54400 15.98400 -3.08041 
1.95200 -0.56800 16.06400 -2.77551 
1.98400 -0.61600 16.17600 -2.60952 
1.96000 -1.01600 16.04000 -2.90546 
1.96800 -0.53600 15.99200 -2.62981 
2.01600 -0.56000 16.25600 -2.44480 
2.02400 -0.59200 15.98400 -2.35755 
1.83200 -0.31200 15.97600 -2.00990 
1.99200 -0.75200 15.95200 -2.22183 
1.88800 -0.63200 16.00800 -2.24373 
2.01600 -0.26400 15.93600 -1.87265 
1.98400 -0.65600 16.00800 -2.03260 
1.56000 -0.62400 15.98400 -2.09742 
1.97600 -0.70400 16.20800 -2.21099 
1.55200 -0.32800 16.17600 -1.97672 
1.99200 -0.45600 16.09600 -1.89341 
1.92000 -0.32800 15.84800 -1.71187 
2.02400 -0.32000 16.13600 -1.56716 
1.55200 -0.35200 15.96800 -1.45961 
1.98400 -0.44000 15.90400 -1.51616 
2.03200 -0.30400 15.93600 -1.37279 
1.95200 -0.49600 15.73600 -1.55012 
1.57600 -0.43200 15.96000 -1.56282 
2.00000 -0.44000 16.22400 -1.57258 
1.96800 -0.42400 16.19200 -1.55755 
2.00000 -0.05600 16.00800 -1.26948 
1.59200 -0.48800 16.20800 -1.39759 
1.92800 -0.01600 16.08000 -1.10206 
1.56800 -0.01600 16.00000 -0.81185 
1.85600 -0.02400 16.20800 -0.61745 
2.04000 -0.08000 15.96800 -0.54048 
2.03200 -0.19200 16.13600 -0.59788 
2.02400 -0.18400 16.31200 -0.62780 
2.03200 -0.06400 15.92000 -0.52246 
1.86400 -0.23200 16.14400 -0.63599 
1.53600 -0.12800 16.21600 -0.59450 
1.68800 -0.17600 16.41600 -0.61696 
2.03200 0.12800 16.12800 -0.32424 
2.03200 -0.22400 16.19200 -0.48845 
1.55200 -0.18400 16.09600 -0.55736 
1.56800 0.21600 16.39200 -0.17467 
1.61600 0.16000 16.36800 -0.00362 
2.00000 0.22400 16.26400 0.17638 
2.04000 -0.25600 15.90400 -0.11042 
2.02400 0.20800 16.21600 0.07153 
2.02400 0.09600 16.11200 0.11508 
1.60800 0.16000 16.12000 0.20161 
1.64000 0.15200 16.25600 0.26908 
1.61600 0.24000 15.96800 0.40149 
1.64800 0.15200 16.10400 0.41951 
2.03200 0.08000 16.00000 0.36597 
1.64800 0.13600 16.21600 0.37860 
1.55200 0.13600 16.08800 0.38945 
2.01600 0.20000 16.08800 0.45504 
1.60800 0.08000 16.06400 0.38789 
1.58400 0.00800 15.92000 0.26690 
1.56800 0.12800 16.01600 0.30338 
2.03200 0.07200 15.78400 0.25771 
2.00000 0.05600 15.97600 0.20897 
2.02400 0.08000 16.13600 0.18762 
1.56800 0.00800 15.93600 0.12684 
1.56000 0.50400 16.11200 0.51105 
1.92800 0.10400 15.98400 0.45808 
1.98400 0.04800 15.94400 0.36952 
1.98400 0.42400 16.13600 0.63230 
2.00000 0.05600 15.82400 0.50366 
1.54400 0.06400 16.05600 0.41597 
1.96000 0.03200 16.07200 0.32234 
1.56800 0.32000 15.97600 0.50188 
1.90400 0.07200 16.07200 0.42584 
1.63200 0.43200 16.09600 0.65757 
1.60800 0.42400 15.82400 0.84174 
1.57600 0.43200 15.99200 0.98912 
1.91200 0.36000 15.88000 1.04920 
1.54400 0.36800 15.85600 1.10628 
1.92000 0.35200 16.17600 1.12520 
1.63200 0.28800 16.00800 1.08191 
1.99200 0.35200 16.08000 1.10949 
2.03200 0.30400 15.85600 1.09128 
1.59200 0.72000 15.74400 1.37795 
1.91200 0.71200 16.04000 1.61395 
1.56800 0.71200 15.75200 1.80824 
1.68800 0.32800 16.06400 1.62446 
1.96000 0.31200 15.87200 1.48466 
1.58400 0.71200 15.84000 1.74228 
1.98400 0.69600 16.08000 1.90525 
1.58400 0.28000 15.92800 1.65989 
1.56000 0.69600 15.86400 1.85805 
1.96800 0.57600 16.13600 1.88859 
2.01600 0.64000 16.19200 1.96955 
1.54400 0.66400 15.99200 2.07023 
1.97600 1.00000 16.00800 2.41626 
1.54400 0.60000 16.12800 2.32922 
1.96000 1.00000 16.04000 2.60712 
1.96000 0.52800 15.92800 2.41503 
1.61600 0.55200 16.12000 2.27199 
1.55200 0.52800 16.24000 2.14171 
1.58400 0.52000 16.08800 2.04646 
2.02400 1.00800 16.24000 2.33680 
1.92000 0.96800 16.11200 2.55441 
2.01600 0.84800 16.20000 2.63472 
1.91200 0.85600 16.12800 2.72685 
1.60800 0.92800 16.04000 2.86980 
1.97600 0.58400 16.12800 2.66033 
1.56800 1.01600 16.19200 2.88586 
2.03200 0.96800 16.00800 3.01831 
1.53600 0.87200 16.20000 3.01781 
1.67200 0.80800 16.29600 2.95587 
1.59200 0.90400 15.86400 3.02693 
1.65600 0.93600 16.11200 3.09137 
2.04000 0.79200 16.16800 3.01577 
1.54400 0.91200 16.20800 3.06136 
2.01600 0.87200 16.04000 3.06482 
1.98400 1.25600 16.04800 3.38168 
1.56000 1.25600 16.32000 3.58840 
1.55200 0.76800 15.82400 3.39096 
2.04000 0.88800 16.15200 3.32674 
1.99200 1.24800 16.08000 3.57820 
2.00000 1.22400 16.05600 3.76175 
1.76800 1.20800 16.28000 3.88053 
1.58400 0.84000 16.15200 3.64008 
1.58400 0.79200 16.23200 3.41300 
1.63200 1.24800 16.13600 3.66175 
2.02400 1.23200 16.23200 3.81930 
1.96800 0.80800 16.06400 3.59050 
1.56800 1.19200 16.16800 3.72902 
1.63200 0.79200 16.03200 3.50483 
1.69600 0.89600 16.44800 3.39522 
1.62400 1.20000 16.25600 3.61176 
1.58400 1.24800 16.03200 3.83314 
1.53600 1.25600 16.00000 3.99614 
1.56000 1.24000 16.00800 4.10498 
1.60800 1.22400 15.85600 4.18216 
1.73600 0.88000 15.88800 3.94087 
1.99200 0.84000 15.98400 3.72731 
1.59200 0.79200 15.99200 3.51532 
2.01600 0.84000 16.04000 3.39531 
1.55200 1.26400 15.88000 3.66725 
1.60000 0.83200 16.04000 3.48835 
1.56000 1.10400 16.14400 3.59313 
1.60800 0.76800 16.23200 3.39625 
1.67200 0.81600 16.08800 3.28226 
1.69600 1.24000 16.13600 3.50308 
1.64800 1.24800 16.06400 3.70237 
1.54400 0.80000 15.86400 3.51925 
1.60800 0.89600 16.05600 3.44591 
2.04000 1.24000 15.96800 3.64607 
2.04000 1.24800 16.00000 3.81595 
1.98400 0.78400 15.98400 3.59375 
1.54400 0.87200 16.04000 3.47238 
1.62400 0.78400 16.12800 3.29805 
1.96800 0.81600 16.06400 3.20573 
1.56000 1.19200 15.92800 3.46512 
1.58400 0.81600 15.95200 3.33408 
1.56800 0.80800 16.16800 3.21890 
2.01600 0.76800 15.92000 3.11714 
1.55200 0.98400 16.08000 3.20412 
1.57600 0.80800 15.94400 3.13694 
1.67200 0.82400 15.85600 3.10240 
1.99200 0.95200 16.07200 3.16596 
2.01600 0.88800 15.92000 3.17300 
1.96800 0.85600 16.07200 3.14685 
1.93600 0.83200 16.09600 3.10127 
1.96800 1.24800 15.97600 3.43459 
1.58400 0.95200 16.18400 3.42074 
1.65600 1.24800 15.91200 3.64850 
1.69600 0.92000 16.03200 3.57015 
1.55200 0.88800 16.08800 3.48222 
1.57600 0.93600 16.08800 3.45223 
2.02400 1.19200 15.97600 3.64339 
2.03200 0.89600 16.07200 3.53814 
1.95200 0.90400 16.04000 3.46472 
2.02400 1.21600 15.90400 3.66454 
2.02400 0.81600 15.96800 3.49407 
1.59200 0.97600 15.75200 3.50500 
1.56000 1.25600 16.09600 3.77413 
2.01600 0.77600 16.12000 3.52240 
1.65600 0.80000 15.97600 3.34726 
1.61600 0.85600 16.14400 3.27617 
1.69600 0.82400 16.14400 3.19455 
2.01600 0.84800 16.10400 3.16001 
1.59200 0.84800 16.08000 3.13237 
2.01600 0.92800 16.20000 3.17768 
1.63200 1.25600 16.08800 3.49772 
2.03200 0.78400 16.04800 3.33479 
1.59200 1.26400 16.12000 3.58737 
1.95200 0.78400 16.00000 3.42784 
1.55200 0.78400 16.01600 3.29898 
1.98400 0.87200 16.04000 3.26432 
1.98400 0.87200 16.04000 3.23723 
1.64000 0.83200 16.11200 3.18200 
2.03200 0.84000 16.17600 3.14231 
1.60800 0.85600 16.20800 3.12349 
1.58400 0.83200 16.06400 3.09421 
1.60000 0.77600 16.40000 3.01275 
1.89600 0.85600 15.73600 3.04792 
1.64000 0.82400 15.96000 3.03783 
2.02400 0.78400 15.88800 3.00219 
1.68000 0.77600 16.15200 2.95414 
1.59200 1.19200 15.93600 3.26942 
1.59200 1.23200 16.16800 3.53806 
2.03200 1.20800 15.97600 3.72459 
2.04000 1.26400 15.90400 3.91881 
1.96800 1.13600 16.17600 3.94940 
1.61600 0.83200 16.24800 3.74009 
1.59200 0.82400 15.92000 3.58173 
1.76000 0.87200 15.76800 3.50310 
1.60800 1.24000 16.00000 3.76436 
1.65600 0.82400 16.12800 3.55191 
1.59200 1.22400 15.86400 3.79810 
1.68000 0.80800 15.96800 3.58963 
1.56800 0.77600 16.06400 3.39982 
1.96000 1.27200 15.95200 3.67510 
2.01600 1.24000 16.21600 3.83231 
1.60000 0.90400 16.03200 3.71626 
1.63200 1.20800 16.20000 3.84754 
2.01600 1.20800 15.95200 3.96181 
1.66400 1.24800 16.04800 4.09642 
2.04000 0.77600 16.09600 3.82186 
1.54400 1.26400 16.18400 3.99240 
1.65600 0.83200 16.05600 3.77108 
2.01600 0.80800 15.85600 3.59430 
2.04000 0.84000 15.53600 3.49741 
1.91200 0.84800 16.24800 3.39531 
1.56800 0.89600 15.92800 3.37171 
1.63200 1.21600 16.19200 3.60273 
1.56800 0.78400 16.08000 3.42283 
1.64000 0.81600 16.07200 3.31525 
1.63200 1.21600 15.91200 3.58229 
1.91200 0.85600 16.01600 3.48039 
1.54400 0.88800 15.86400 3.43216 
1.53600 0.88000 16.04800 3.37975 
1.97600 0.87200 15.80800 3.34903 
1.54400 0.94400 16.05600 3.37506 
1.55200 0.89600 15.88800 3.36031 
1.75200 0.95200 16.09600 3.38784 
2.02400 0.82400 15.96800 3.31235 
1.64800 0.83200 16.17600 3.24946 
1.58400 1.00800 16.05600 3.33859 
1.61600 0.91200 16.35200 3.32072 
1.93600 0.78400 16.16800 3.20196 
1.59200 0.92000 16.00000 3.25188 
2.01600 0.87200 16.23200 3.23301 
1.58400 0.98400 16.07200 3.31911 
2.01600 0.96000 16.08000 3.36427 
1.53600 0.96000 16.12000 3.40038 
1.55200 0.97600 16.17600 3.43919 
1.98400 0.96800 16.04800 3.46625 
1.56800 0.57600 16.16800 3.13305 
1.63200 0.52000 16.04000 2.83602 
1.92000 0.96800 16.09600 3.00599 
1.54400 1.00800 16.18400 3.17208 
1.62400 0.64000 16.35200 2.97971 
2.04000 0.98400 15.99200 3.12135 
1.92000 0.60800 16.07200 2.92486 
1.61600 0.55200 16.00800 2.71682 
1.54400 0.84800 16.07200 2.81661 
1.99200 0.64000 16.11200 2.71558 
2.02400 1.00000 16.25600 2.93266 
1.58400 0.55200 16.03200 2.71498 
1.97600 0.60800 16.21600 2.60045 
2.04000 0.51200 16.31200 2.42900 
1.56000 0.63200 16.15200 2.40707 
1.67200 0.51200 15.80800 2.29212 
1.96800 0.67200 16.18400 2.33962 
1.55200 0.55200 16.30400 2.26434 
1.60800 0.52000 16.14400 2.18367 
1.97600 0.96000 15.99200 2.49576 
2.01600 0.60800 16.24000 2.43822 
2.00000 0.97600 16.26400 2.67795 
1.61600 1.01600 15.90400 2.91601 
1.60000 0.56800 16.06400 2.69043 
1.93600 0.96800 16.00000 2.92013 
1.64800 0.99200 15.86400 3.13682 
1.94400 0.61600 15.97600 2.91652 
1.96000 0.59200 16.08000 2.73401 
1.57600 0.51200 15.96000 2.52895 
2.02400 0.55200 15.91200 2.41995 
1.66400 0.96800 15.82400 2.74159 
2.03200 0.52000 16.12800 2.53740 
2.01600 0.53600 16.20800 2.42655 
1.54400 0.55200 16.19200 2.35465 
1.64000 0.60000 15.69600 2.34626 
1.68800 0.25600 15.92800 2.07605 
1.58400 0.54400 16.00800 2.07545 
1.98400 0.59200 16.03200 2.11751 
1.63200 0.67200 15.94400 2.22484 
1.60800 0.66400 16.06400 2.29855 
1.61600 0.75200 16.16800 2.43311 
1.64000 0.29600 16.28000 2.10148 
1.62400 0.66400 16.10400 2.20252 
1.97600 0.75200 16.32000 2.34065 
1.53600 0.37600 16.14400 2.12203 
1.59200 0.28800 16.28000 1.87787 
1.76800 0.31200 16.23200 1.71266 
1.63200 0.72800 16.04800 1.96357 
1.53600 0.41600 16.17600 1.86040 
1.57600 0.32800 16.40800 1.69544 
1.62400 0.31200 16.24000 1.56551 
1.64800 0.32000 16.01600 1.48387 
1.56800 0.71200 16.12000 1.79809 
1.64800 0.30400 16.20000 1.63394 
1.91200 0.41600 16.24000 1.62481 
1.54400 0.25600 15.86400 1.46458 
1.61600 0.41600 16.10400 1.50345 
1.76000 0.44800 15.81600 1.57059 
1.60000 0.48000 16.30400 1.63517 
2.02400 0.44800 16.14400 1.65769 
1.59200 0.00000 16.12800 1.28830 
1.99200 0.01600 16.18400 0.99327 
1.63200 0.50400 16.11200 1.26040 
2.03200 0.02400 15.91200 0.98280 
2.01600 0.03200 16.18400 0.79437 
2.03200 0.16000 15.91200 0.77122 
1.95200 0.06400 16.04800 0.66172 
2.02400 0.06400 16.01600 0.58225 
1.58400 0.05600 16.18400 0.51119 
1.53600 0.12000 16.32000 0.51903 
1.96000 0.11200 15.90400 0.52074 
1.55200 0.20800 15.88800 0.59188 
1.94400 0.20000 16.12800 0.64376 
1.98400 0.21600 15.68000 0.70127 
1.91200 0.07200 15.87200 0.61641 
1.94400 -0.24800 16.12800 0.27637 
1.96000 -0.17600 16.12800 0.07645 
1.94400 -0.24800 16.07200 -0.15203 
1.97600 0.24800 16.04800 0.15473 
1.93600 -0.08800 16.13600 0.05461 
2.03200 -0.07200 16.08000 -0.01658 
2.01600 -0.10400 15.69600 -0.10767 
1.90400 -0.04000 16.12000 -0.08830 
1.99200 -0.11200 16.24000 -0.16477 
1.95200 -0.11200 16.03200 -0.20645 
1.99200 -0.16000 15.92800 -0.28821 
1.94400 -0.18400 15.83200 -0.37257 
1.92000 -0.16000 16.00000 -0.40997 
1.87200 -0.17600 16.04000 -0.45438 
1.93600 -0.04000 15.91200 -0.32204 
2.02400 -0.09600 16.07200 -0.31109 
2.04000 -0.41600 15.97600 -0.56290 
1.98400 -0.43200 16.04000 -0.77094 
1.97600 -0.46400 15.85600 -1.01468 
2.03200 -0.42400 16.15200 -1.13742 
1.92800 -0.41600 15.93600 -1.22238 
1.58400 -0.38400 15.86400 -1.24134 
1.93600 -0.75200 16.00000 -1.58503 
1.60000 -0.76800 16.05600 -1.86262 
1.59200 -0.37600 15.91200 -1.69555 
1.96000 -0.34400 15.98400 -1.54724 
1.57600 -0.31200 16.00800 -1.40701 
1.95200 -0.39200 16.15200 -1.37951 
2.02400 -0.32000 16.19200 -1.28806 
1.92000 -0.37600 16.17600 -1.27584 
2.04000 -0.36000 16.19200 -1.25078 
1.58400 -0.76800 16.01600 -1.62844 
1.67200 -0.28800 16.09600 -1.42655 
1.56800 -0.72800 16.12800 -1.73033 
1.96800 -0.28000 16.08800 -1.52504 
1.92000 -0.60800 15.99200 -1.67182 
1.60800 -0.72800 15.80000 -1.89594 
1.90400 -0.68000 16.16800 -2.01723 
1.58400 -0.64800 15.97600 -2.08641 
1.60000 -0.67200 16.32800 -2.14565 
1.55200 -0.72800 16.06400 -2.25809 
1.60800 -0.57600 16.01600 -2.18037 
1.57600 -0.55200 16.15200 -2.09557 
1.54400 -0.72800 15.93600 -2.22676 
1.56000 -0.59200 16.18400 -2.17081 
2.01600 -0.62400 16.27200 -2.15927 
2.02400 -0.56000 16.08800 -2.09762 
1.54400 -0.92800 16.27200 -2.42475 
2.03200 -0.64000 16.12800 -2.36689 
2.00000 -1.02400 16.26400 -2.69161 
1.55200 -1.01600 16.05600 -2.92413 
1.93600 -0.52800 16.15200 -2.61661 
1.97600 -1.00000 16.10400 -2.85896 
1.61600 -1.00000 16.24000 -3.01565 
1.94400 -0.95200 16.06400 -3.10459 
1.96800 -0.98400 15.94400 -3.20613 
2.04000 -0.95200 16.01600 -3.24739 
1.60800 -0.93600 16.10400 -3.25865 
1.98400 -0.54400 15.92000 -2.89284 
1.97600 -0.52800 16.31200 -2.58030 
1.53600 -0.90400 16.09600 -2.75841 
1.60800 -0.96000 16.38400 -2.93118 
1.96800 -0.77600 15.98400 -2.87626 
1.97600 -0.99200 16.03200 -3.03487 
1.55200 -0.96800 16.25600 -3.12356 
1.89600 -0.54400 15.93600 -2.81800 
1.95200 -0.88000 16.03200 -2.89839 
1.91200 -1.00000 15.95200 -3.07382 
1.96000 -0.91200 16.40000 -3.09814 
1.90400 -0.86400 16.12800 -3.08598 
2.03200 -0.95200 16.28000 -3.15242 
1.93600 -0.96000 16.09600 -3.22015 
1.92000 -0.91200 15.96800 -3.23084 
1.56000 -0.90400 16.07200 -3.22404 
1.89600 -1.01600 16.13600 -3.32235 
1.54400 -0.60800 16.10400 -3.00773 
1.56000 -0.80000 16.21600 -2.95454 
1.90400 -0.96000 16.00000 -3.07216 
1.61600 -0.84800 16.04800 -3.05683 
1.92800 -0.96000 15.96000 -3.15248 
1.91200 -0.92800 15.78400 -3.20644 
2.00000 -0.92000 16.00000 -3.22802 
2.00000 -0.96800 16.07200 -3.29256 
1.96000 -0.98400 16.00000 -3.36247 
2.02400 -0.89600 16.00000 -3.31188 
2.01600 -0.92800 15.97600 -3.32156 
2.03200 -0.92800 16.03200 -3.32634 
1.96800 -0.78400 15.88000 -3.21668 
1.55200 -0.96800 15.94400 -3.28158 
1.96000 -1.02400 16.12000 -3.38149 
2.04000 -0.92800 15.84800 -3.37557 
1.88800 -1.00800 15.99200 -3.44496 
2.02400 -0.56800 16.06400 -3.11277 
1.54400 -0.96800 15.96000 -3.20902 
1.79200 -0.90400 16.08000 -3.21971 
1.84000 -0.95200 15.79200 -3.28482 
1.95200 -0.54400 15.92000 -2.94894 
1.99200 -1.28000 15.91200 -3.35584 
1.96000 -0.93600 16.12000 -3.35207 
1.97600 -0.92000 16.07200 -3.33669 
1.93600 -0.52800 16.11200 -2.94589 
1.95200 -0.93600 16.16800 -3.07018 
1.87200 -0.60800 15.95200 -2.79089 
1.98400 -0.90400 16.07200 -2.93648 
1.96800 -0.67200 15.88800 -2.77685 
1.92800 -0.89600 16.00800 -2.92438 
1.60000 -0.96000 16.07200 -3.08822 
1.53600 -0.96000 15.97600 -3.21237 
1.93600 -0.97600 15.95200 -3.31029 
1.84800 -0.92800 15.86400 -3.33362 
1.98400 -0.90400 15.84800 -3.32508 
1.56800 -1.00800 16.00000 -3.41291 
2.00000 -0.99200 16.34400 -3.44388 
1.58400 -1.01600 16.04000 -3.50749 
1.56000 -0.59200 16.08800 -3.15172 
2.00000 -1.01600 16.15200 -3.27738 
2.02400 -1.00800 16.19200 -3.36412 
1.62400 -1.01600 16.19200 -3.43898 
1.57600 -0.64000 16.26400 -3.15565 
1.55200 -0.72000 16.18400 -3.01067 
1.54400 -0.64800 16.20800 -2.83614 
1.62400 -0.55200 16.10400 -2.62340 
1.60000 -0.62400 16.21600 -2.52659 
2.01600 -0.71200 16.25600 -2.53699 
1.63200 -0.63200 16.09600 -2.47212 
1.96800 -0.55200 16.06400 -2.35184 
1.64000 -0.70400 16.13600 -2.41137 
2.04000 -0.67200 16.37600 -2.41082 
1.63200 -0.60000 16.36000 -2.33673 
1.56800 -0.64800 16.18400 -2.34052 
2.02400 -0.71200 16.11200 -2.40812 
1.62400 -0.71200 16.12800 -2.46062 
1.66400 -0.70400 16.07200 -2.49383 
1.96000 -0.38400 16.01600 -2.23111 
1.64000 -0.36000 16.15200 -1.97224 
1.60000 -0.39200 16.12000 -1.81712 
2.03200 -0.49600 16.04800 -1.82305 
1.57600 -0.36800 16.26400 -1.68620 
1.63200 -0.40800 16.26400 -1.62885 
2.04000 -0.38400 16.13600 -1.57613 
1.98400 -0.35200 15.92000 -1.51104 
1.96800 -0.40800 15.92800 -1.51757 
2.04000 -0.45600 15.92000 -1.57070 
1.57600 -0.08800 16.05600 -1.29990 
1.54400 -0.44000 16.12000 -1.39464 
1.92800 -0.09600 16.16800 -1.13332 
1.60800 -0.12800 15.98400 -0.98268 
1.89600 -0.03200 16.36000 -0.78571 
1.56800 -0.03200 16.00000 -0.63354 
1.57600 -0.12000 16.08000 -0.59478 
1.96000 -0.07200 16.03200 -0.52851 
1.95200 -0.12800 16.17600 -0.52814 
1.53600 -0.20800 16.14400 -0.60597 
1.93600 -0.07200 16.08800 -0.53318 
1.58400 -0.05600 16.01600 -0.46060 
1.55200 0.24800 16.07200 -0.12516 
1.55200 0.15200 16.12800 0.05426 
1.56000 0.21600 15.94400 0.25105 
1.54400 0.12800 16.05600 0.29528 
1.58400 0.12000 16.13600 0.31672 
2.02400 0.13600 15.95200 0.34172 
1.98400 0.09600 15.96800 0.32242 
1.92000 0.24800 16.04800 0.45788 
2.04000 0.11200 16.10400 0.42002 
2.03200 -0.24800 15.97600 0.05229 
1.97600 0.08800 15.97600 0.10652 
1.85600 0.09600 15.92000 0.15508 
1.92000 0.07200 15.73600 0.16542 
1.92800 0.44000 16.16800 0.49412 
1.92800 0.44800 16.18400 0.75518 
1.56000 0.03200 15.82400 0.56467 
1.95200 0.44800 16.11200 0.80718 
2.03200 0.06400 15.92800 0.62535 
1.96800 0.30400 15.95200 0.73541 
1.60000 0.40800 15.80000 0.91825 
1.96000 0.41600 15.92000 1.04639 
1.96800 0.36000 16.20000 1.08550 
2.02400 0.39200 16.12000 1.14484 
1.82400 0.41600 16.09600 1.20719 
1.56000 0.28800 16.19200 1.13864 
2.01600 0.32800 16.08000 1.12537 
1.92000 0.28800 16.13600 1.07722 
1.55200 0.67200 16.33600 1.36959 
1.54400 0.74400 16.32000 1.66435 
1.54400 0.67200 15.91200 1.83696 
1.60000 0.68000 16.29600 1.96067 
2.04000 0.73600 16.17600 2.09239 
1.62400 1.00000 16.01600 2.43072 
1.96000 0.67200 16.09600 2.40214 
1.92800 0.55200 16.17600 2.26758 
1.70400 0.67200 15.99200 2.28524 
1.99200 0.65600 16.24000 2.27551 
1.95200 0.60000 16.08000 2.21971 
1.55200 0.53600 16.06400 2.11532 
1.55200 0.64800 15.94400 2.14451 
1.92800 0.55200 15.98400 2.08611 
1.64000 0.51200 15.93600 2.00757 
1.60000 0.61600 16.17600 2.03752 
1.63200 0.51200 16.22400 1.95225 
1.99200 0.60000 16.04800 1.98078 
1.59200 1.01600 16.04000 2.29831 
1.60800 1.00800 16.09600 2.55695 
1.56000 0.92000 16.29600 2.69124 
1.57600 0.84000 16.13600 2.74126 
2.03200 0.88800 16.00800 2.82327 
2.02400 0.52000 15.96800 2.58288 
1.73600 0.96800 16.12000 2.77645 
1.60000 1.00000 16.27200 2.92469 
1.63200 0.92800 16.19200 2.99093 
1.57600 0.91200 16.14400 3.03193 
1.60000 1.24000 16.08000 3.31185 
1.59200 0.97600 16.04000 3.33631 
2.00000 0.84800 16.01600 3.25585 
1.66400 0.88800 15.90400 3.22795 
2.04000 0.80800 16.24000 3.12473 
1.66400 0.92800 16.11200 3.15737 
1.55200 1.24000 15.96800 3.42065 
1.60800 0.84000 16.05600 3.30277 
1.56800 0.81600 16.13600 3.18984 
1.54400 0.78400 16.06400 3.07979 
1.61600 0.80000 15.86400 3.02345 
2.01600 0.76800 15.96000 2.95476 
1.63200 1.14400 16.23200 3.17449 
1.53600 1.14400 16.12000 3.37295 
1.76800 0.77600 16.12800 3.21712 
1.53600 1.24000 16.20800 3.47464 
2.00000 1.16800 16.00000 3.62199 
1.59200 1.08800 16.23200 3.66964 
1.56800 1.08000 16.12800 3.70402 
1.60800 1.24000 16.01600 3.87015 
1.54400 1.16000 16.14400 3.92298 
1.94400 1.18400 15.80000 3.99770 
1.96800 1.08000 16.08800 3.95041 
1.97600 1.11200 15.73600 3.96870 
2.01600 1.14400 16.12800 3.98602 
1.61600 1.07200 15.92000 3.94424 
